Feature	Gain	Cover	Frequency
ctrx_quarter	0.10259077456079	0.00922801670645934	0.0128300791173695
mpasivos_margen	0.0336932279208592	0.00625665224565513	0.012838789286492
cpayroll_trx	0.0271404343066184	0.00381954448565443	0.000786818610728025
mcuentas_saldo	0.0198885883850438	0.00892660675835078	0.0123539232053422
mpayroll	0.0195514960376363	0.00683348625826161	0.00154460332438122
mcaja_ahorro	0.0190538750328643	0.00614419037346368	0.0103941351527909
mcuenta_corriente	0.0147412113461054	0.0123025729044407	0.014030630761414
ctarjeta_visa_transacciones	0.0137782789302258	0.0026244106248656	0.00427524134426943
ctrx_quarter_lag1	0.0128611307691962	0.00786661618272556	0.00656891921318139
numero_de_cliente	0.0124976287374141	0.0117802660326662	0.0223256151556943
cliente_edad	0.0119860158567599	0.0125249974328594	0.0192378602017856
mrentabilidad_annual	0.0118982770140686	0.0108988062347912	0.0169572475865573
mprestamos_personales	0.011664732473167	0.0117385217077087	0.00336212528126588
mactivos_margen	0.0104637892136776	0.00860889967147116	0.0109312622486753
mtarjeta_visa_consumo	0.0102622865716477	0.00205562145967566	0.00377150323002105
Master_fechaalta	0.0100957925867497	0.00824615926062785	0.0137896494156928
Master_Fvencimiento	0.0100349046966162	0.00901033138714832	0.0150671408869856
Visa_fechaalta	0.00987112118809868	0.00559017150857567	0.013102997749873
Visa_Fvencimiento	0.00971534305741597	0.00744828681730331	0.015300863758438
cliente_antiguedad	0.00955795935265769	0.00805452641862789	0.0160165493213327
Visa_msaldopesos	0.00878336407093465	0.00397510598319823	0.00547869637802134
mrentabilidad_annual_lag1	0.00846756988112264	0.00696913040103168	0.00846628438702185
mrentabilidad	0.00798685416095952	0.00740582043418486	0.0114175800246788
chomebanking_transacciones	0.00797140080577554	0.00476459240042195	0.0114596791754373
Visa_msaldototal	0.00725397335886258	0.00543538333721968	0.00597517601800102
cliente_edad_lag1	0.00702575378147064	0.00822921855303811	0.0111374029179067
Visa_mpagominimo	0.00676522404355231	0.00431877381228598	0.00702039631269507
cprestamos_personales	0.00665222272469881	0.00783703715846881	0.00199027364447993
limite_total	0.00661771705401997	0.00479204498747801	0.0106423749727807
Master_mfinanciacion_limite	0.00656165766177973	0.00422650676253833	0.00998330550918197
mcomisiones	0.00614011364531441	0.00365806665780763	0.00951295637656964
Visa_mfinanciacion_limite	0.00607697934869043	0.00412797691279706	0.00963489874428395
Visa_status	0.00603497176820372	0.0066735934699536	0.000839079625462728
mrentabilidad_annual_delta1	0.00579980455165985	0.0107949044810538	0.00969151484357988
mcomisiones_otras	0.00579369386008919	0.0039191569847607	0.00864484285403208
ctarjeta_debito_transacciones	0.00556549159994123	0.00261549111936754	0.00318937359367061
ctrx_quarter_delta1	0.00553704588764884	0.00377436224722972	0.00711765986789577
mtransferencias_recibidas	0.00550372819476375	0.00456064534326019	0.00722508528707266
cproductos	0.00534428965776164	0.00822190397396473	0.006110183639399
Visa_mpagospesos	0.00533527556492191	0.0031581459973416	0.00750671408869856
cliente_antiguedad_lag1	0.00517584929782136	0.00552933435007972	0.00853741743485519
cpayroll_trx_lag1	0.00509539751474771	0.000954423067135157	0.000362923713435436
Visa_mconsumospesos	0.00509444182908257	0.00321058570846099	0.00748203527618495
mcomisiones_mantenimiento	0.00509414131833608	0.00527466051773185	0.0047296218334906
Master_mlimitecompra	0.00505176802128254	0.00412965981770818	0.00701313783842636
mcuentas_saldo_lag1	0.00504469838476333	0.00371619055176593	0.00609857008056907
mcuentas_saldo_delta1	0.00496166946483848	0.00446605966506799	0.00673150903680047
mactivos_margen_lag1	0.00486254269791602	0.00562053400315651	0.00604921245554185
Visa_Fvencimiento_lag1	0.00480862605479184	0.00397728558589015	0.00731654206285839
Master_fechaalta_lag1	0.00480481316836032	0.0037311821256017	0.0068926471655658
mcuenta_corriente_delta1	0.00480234762372456	0.00553970687538613	0.00679393191551136
mcuenta_corriente_lag1	0.00478501440892908	0.00592219609508415	0.0069623285185454
Master_Fvencimiento_lag1	0.00473105420768659	0.00541010174128661	0.00750090730928359
cliente_edad_lag2	0.00469669274045288	0.00579793126490154	0.00703491326123249
mcaja_ahorro_dolares	0.00456114031666409	0.00364766048899888	0.00668360310662699
mcaja_ahorro_lag1	0.00454701234227806	0.00293362185165085	0.00540175655077303
mactivos_margen_delta1	0.0043717300357011	0.00530229161239471	0.00696813529796037
Visa_fechaalta_lag1	0.00434767953857565	0.00326899597357589	0.0061624446541337
ccomisiones_otras	0.00425703596046687	0.0036815054874589	0.00717863105175292
mpasivos_margen_lag1	0.0042153396732524	0.00313918459969845	0.00656166073891268
mcomisiones_mantenimiento_delta1	0.00408505761657281	0.00643359604991251	0.00208608550482689
Visa_mlimitecompra	0.00392419692663707	0.00400394528827982	0.00673150903680047
mrentabilidad_lag1	0.00389798441254615	0.0030923293085813	0.0064266531175147
cdescubierto_preacordado	0.00379748705644016	0.00545646971247557	0.00156057196777237
chomebanking_transacciones_lag1	0.00377990300559734	0.00202424933161725	0.00576758365391595
mrentabilidad_annual_lag2	0.00375760650492774	0.00325083446662131	0.00536981926399071
mrentabilidad_delta1	0.00368899436547629	0.0033607581518502	0.0063816505770487
mautoservicio	0.00368695680376738	0.00198630077460356	0.0034114829062931
mcomisiones_otras_lag1	0.00368499078493897	0.00188068356714366	0.00509690063148726
cprestamos_personales_lag1	0.00365321843982927	0.00314361266114402	0.000859403353415112
Visa_cconsumos	0.00364637010553947	0.00207053677004084	0.00521739130434783
chomebanking_transacciones_delta1	0.0035361909748177	0.00460863152312421	0.00507802859838862
mcomisiones_lag1	0.00334700490208672	0.00192364489653735	0.00520287435581041
mttarjeta_visa_debitos_automaticos	0.00331899879044953	0.00203162495795681	0.00445089642157219
Master_status	0.00329285767748652	0.00974933996191152	0.00098279741598316
mcaja_ahorro_dolares_delta1	0.00328995907122254	0.0055535974820281	0.00370327357189519
mcuenta_debitos_automaticos	0.0032151810773941	0.00301619373437192	0.00319663206793932
mpasivos_margen_delta1	0.00318809072268664	0.00358414874504606	0.005362560789722
ccomisiones_mantenimiento_delta1	0.00312517337216971	0.0013680135883467	0.00069971691950352
limite_total_lag1	0.00310160440296984	0.00194600297428798	0.00420701168614357
mcuenta_corriente_lag2	0.00304251659304215	0.00680322520504358	0.00514625825651448
Visa_mconsumototal	0.00300735288513129	0.00168072147701429	0.0042287871089497
Visa_Fvencimiento_lag2	0.00296740309248018	0.00345012861281316	0.00458590404297017
ccomisiones_otras_lag1	0.00293980748152708	0.00219306144297482	0.00410684474123539
ccomisiones_mantenimiento	0.00292368144671685	0.0124375765070371	0.00225303041300719
Master_mfinanciacion_limite_lag1	0.00292015488124788	0.00284752130558156	0.00434782608695652
mcaja_ahorro_delta1	0.00290997927106698	0.00167528352666325	0.00431443710532046
Visa_mpagominimo_lag1	0.00289671440390613	0.0018802144555752	0.00342454815997677
cliente_antiguedad_lag2	0.00285731932906046	0.00410323602122159	0.00494011758728315
mprestamos_personales_lag1	0.00284481559335094	0.00346280458684939	0.00130362197866009
mcomisiones_lag2	0.00283944214375673	0.00239763404304402	0.00364085069318429
mcomisiones_otras_lag2	0.00283481007770189	0.00269749011381661	0.00349277781810264
mcuentas_saldo_lag2	0.00279561639658346	0.00306615243788686	0.00407781084416056
active_quarter	0.00278084985147376	0.00217309796522175	0.00253901429919431
mactivos_margen_lag2	0.00271442897094249	0.00326126946229215	0.00421281846555854
ctarjeta_master	0.00269864857184672	0.0000774182601034856	0.000220657617768745
ctarjeta_debito	0.00269076078650601	0.00513371434873896	0.00450315743630689
mtransferencias_recibidas_lag1	0.00268246819810623	0.00233938761667698	0.0037003701821877
Visa_mpagospesos_delta1	0.00265477235879172	0.00340084985834666	0.00385424983668433
mcomisiones_delta1	0.00263557610643561	0.00233230222940209	0.00434782608695652
Visa_mfinanciacion_limite_lag1	0.00263298751421713	0.00223543171222648	0.00420555999128983
chomebanking_transacciones_lag2	0.00258836237871376	0.00180906158623396	0.0037976337373884
Master_fultimo_cierre	0.00256306982323846	0.00275881700056087	0.00434927778181026
Master_Fvencimiento_lag2	0.00255645266970658	0.0026190379910755	0.00400667779632721
Visa_fultimo_cierre	0.00255500591873178	0.00196630810509141	0.00440444218625245
ctransferencias_recibidas	0.00254605785451627	0.00174939724314886	0.00381795746534079
mrentabilidad_lag2	0.00254351945763763	0.00433494101123942	0.00442621760905858
mpasivos_margen_lag2	0.00252066586794458	0.00282324970802305	0.00426653117514698
Visa_mconsumospesos_lag1	0.00250262947966535	0.00135711148804084	0.0035160049357625
Visa_msaldototal_lag1	0.00249961112836069	0.00145731566761401	0.00253465921463308
mtransferencias_emitidas	0.00247996373542955	0.00305670631305495	0.00346955070044277
mcaja_ahorro_dolares_lag1	0.00246952173330549	0.00201217412398294	0.00335777019670465
Visa_fechaalta_lag2	0.00246664097735058	0.00340670609011566	0.00368875662335777
ctrx_quarter_lag2	0.00243107811893056	0.00364264257157134	0.00395877186615373
Visa_mpagospesos_lag1	0.00237982238673786	0.00137919622145735	0.00357407272991217
mcomisiones_otras_delta1	0.00237645715554661	0.00173634374668829	0.00379182695797343
Master_fechaalta_lag2	0.00226390594032399	0.00251550270338369	0.00341293460114684
cproductos_delta1	0.00224879635640989	0.00523763416487729	0.000889888945343689
internet	0.00220498245163615	0.00449250666900305	0.00167525586121797
mprestamos_personales_delta1	0.00217680707378313	0.00691563208725885	0.00177106772156493
Visa_msaldopesos_lag1	0.00215463112013006	0.00250690332201368	0.0025491761631705
mtarjeta_master_consumo	0.00214429539579326	0.00173105890711363	0.000966828772592001
mcaja_ahorro_lag2	0.00214318073062612	0.00206092739029625	0.00333599477389853
mpayroll_lag1	0.0021331073226069	0.000971603110659675	0.000670683022428686
Master_msaldopesos	0.00211771398332699	0.00219546056769504	0.00207302025114321
Visa_mconsumospesos_delta1	0.0021115157715376	0.000847500331229677	0.00284387021848008
ctarjeta_visa	0.00210892205748457	0.000464680113473355	0.000195978805255135
thomebanking	0.00209838175766905	0.00417789157324548	0.00232271176598679
mtransferencias_recibidas_delta1	0.00206120578249468	0.00211383774555146	0.00331131596138492
mcomisiones_mantenimiento_lag1	0.00204457743694735	0.00293518047264768	0.00265224649778617
Visa_cconsumos_lag1	0.00204201999827066	0.00153020008263494	0.00265660158234739
Master_mpagominimo	0.00203009352506519	0.0024226323694449	0.00194817449372142
mpagomiscuentas	0.00200407745752124	0.00263303824926253	0.00238803803440517
ccaja_ahorro	0.00196107068469662	0.00185399266606146	0.00151411773245264
Master_msaldototal	0.00194443352205154	0.00208739661645791	0.00206285838716702
Master_mlimitecompra_lag1	0.00189987828714589	0.00191188587214361	0.00276402700152428
Visa_mpagominimo_delta1	0.00189640693829563	0.00241703824318276	0.00280757784713653
Visa_mlimitecompra_lag1	0.00187696804994263	0.0019843037663647	0.00285258038760253
Visa_mfinanciacion_limite_lag2	0.00187331298829824	0.00238267023786907	0.00267547361544603
cmobile_app_trx	0.00185036392871429	0.00263156888206909	0.00287580750526239
cproductos_lag1	0.00179229097876278	0.00288445873304002	0.00326921681062641
tcallcenter	0.00176828752779942	0.000617420118032697	0.000743267765115773
ccallcenter_transacciones	0.00176550587134644	0.00203464444404724	0.00143862960005807
Visa_mpagominimo_lag2	0.00174285617237662	0.00221135569945383	0.00214996007839152
mextraccion_autoservicio	0.0017378349724209	0.00131514344473964	0.00177832619583364
cprestamos_personales_lag2	0.00172441077554556	0.00558510170279636	0.000879727081367497
Visa_mpagospesos_lag2	0.001717512447743	0.00339645653509439	0.00258256514480656
Visa_cconsumos_delta1	0.00170417319385802	0.00160092346822068	0.00210495753792553
Visa_msaldopesos_delta1	0.00169858227630699	0.000978931190921633	0.00227916092037454
Visa_mconsumospesos_lag2	0.00168163877865123	0.00170225306308589	0.00227045075125209
Visa_msaldototal_delta1	0.00167518790776646	0.00113592976227537	0.00224286854903099
Master_mfinanciacion_limite_lag2	0.00164529292740811	0.00191535724666464	0.00245336430282355
mttarjeta_visa_debitos_automaticos_lag1	0.00163739040874732	0.00078034527329483	0.00201930754155477
mtransferencias_recibidas_lag2	0.00160922208085802	0.00107083848872829	0.0024446541337011
mcaja_ahorro_dolares_lag2	0.00160915193092857	0.00157910653270405	0.00218189736517384
ccaja_seguridad	0.00160783742436926	0.00206896125431344	0.000357116934020469
Visa_mconsumosdolares	0.00159177320343423	0.00120163004889633	0.00235610074762285
ctarjeta_visa_transacciones_lag1	0.00154771883612374	0.0011073063302522	0.00218625244973507
Visa_mconsumototal_lag1	0.00154220885413614	0.000866369336955329	0.00224722363359222
Master_mpagospesos	0.00152960336672798	0.00178670201240568	0.00200624228787109
ctransferencias_emitidas	0.00148864623085566	0.00169884145869158	0.00197575669594251
cextraccion_autoservicio	0.00147881883749862	0.00155164683015671	0.00124990926907164
ccajas_transacciones	0.00147583016840871	0.000766170010512105	0.000767946577629382
ccajas_consultas	0.00144981929231804	0.00781153472687827	0.00142701604122813
Visa_mconsumototal_delta1	0.00143216576945459	0.000517910957753588	0.00177542280612615
mtarjeta_visa_consumo_delta1	0.00142631944135327	0.00188692170010086	0.00185091093852072
ctarjeta_visa_debitos_automaticos	0.00142279580133761	0.00165957073392963	0.00194527110401394
ccomisiones_otras_lag2	0.00142245018535045	0.00137081563232167	0.00253030413007186
mprestamos_personales_lag2	0.00139718034286327	0.00136811809484422	0.000763591493068157
mtransferencias_emitidas_lag1	0.00137727025691077	0.00144885184547524	0.00172316179139145
ccuenta_debitos_automaticos	0.00137345234165222	0.00127712220024583	0.00157654061116353
ccallcenter_transacciones_delta1	0.00137242544107379	0.00351010457792647	0.00111199825796618
ctarjeta_visa_transacciones_delta1	0.00136589061503269	0.00217044122322762	0.00151992451186761
tmobile_app	0.00133610352230756	0.00664409041724986	0.000664876243013719
Visa_mpagado	0.00133518320078987	0.00148019098684589	0.00186978297161937
internet_lag1	0.00130389562610469	0.00482167509731316	0.00105973724323147
ctarjeta_debito_lag1	0.00128503945780813	0.00324785493675112	0.00218189736517384
Visa_cconsumos_lag2	0.00125511372545482	0.000860338283039119	0.00169122450460913
mcomisiones_mantenimiento_lag2	0.00125193923845187	0.0020047530314786	0.00142266095666691
mcuenta_debitos_automaticos_lag1	0.00125016549081044	0.00142157696325259	0.00157654061116353
mtransferencias_emitidas_delta1	0.00124636495676846	0.00225979610308917	0.00167525586121797
mtarjeta_visa_consumo_lag1	0.00124460542654003	0.000451776407226578	0.00163751179502069
mautoservicio_delta1	0.00124413178077234	0.00161495029090847	0.00170138636858532
ctarjeta_debito_transacciones_lag1	0.0012185771275026	0.000675843628908281	0.00145459824344923
Master_mlimitecompra_lag2	0.00118802696650814	0.00104742071363325	0.00166654569209552
Visa_msaldototal_lag2	0.00118481710485532	0.00159524373712503	0.00167090077665675
mttarjeta_visa_debitos_automaticos_lag2	0.00118327094824314	0.000567274295342035	0.00145895332801045
ctransferencias_recibidas_lag1	0.00117687764332624	0.000522534056639534	0.00173477535022138
cproductos_lag2	0.00116171870304185	0.00191762595720116	0.00219351092400377
Master_fultimo_cierre_lag1	0.00115438603819976	0.00110360769788671	0.00185526602308195
Master_mpagominimo_lag1	0.00115068546454374	0.000759909035003419	0.000805690643826668
Visa_msaldopesos_lag2	0.0011478888575222	0.00151360219576594	0.00159686433911592
cpagomiscuentas	0.00113869032615262	0.0020776004459449	0.00142701604122813
Visa_mlimitecompra_lag2	0.00113525119293363	0.00205359828832273	0.00177106772156493
mttarjeta_visa_debitos_automaticos_delta1	0.00113345620007519	0.00100154710488436	0.00157218552660231
mautoservicio_lag1	0.00111618888783507	0.000497180575999719	0.00163025332075198
ctransferencias_recibidas_delta1	0.00108596400877406	0.00247424157501838	0.00157218552660231
Master_mconsumospesos	0.00105403314285795	0.00138798283147219	0.00147782536110909
ctarjeta_debito_transacciones_delta1	0.00104739234603477	0.000783473024321759	0.00118022791609204
ctarjeta_visa_transacciones_lag2	0.000987341250996515	0.000845969405914277	0.00139507875444582
ctransferencias_recibidas_lag2	0.000981243210086159	0.000635066572887961	0.00125716774334035
ctarjeta_debito_transacciones_lag2	0.000972683292154225	0.000760232552673454	0.00116716266240836
matm	0.000936312695707856	0.000757264225140817	0.00114974232416346
cmobile_app_trx_lag1	0.000934647658580515	0.000619115611889926	0.00134281773971111
Visa_mconsumosdolares_lag1	0.000931005730313813	0.00194782676592638	0.00118313130579952
cdescubierto_preacordado_delta1	0.000927433754110336	0.00394925128005496	0.000451477099513682
mpagomiscuentas_lag1	0.000912191476823337	0.00124231423863307	0.00102779995644915
mcuenta_debitos_automaticos_lag2	0.000907520966899496	0.00125439075989653	0.00118313130579952
Visa_fultimo_cierre_lag1	0.000900328330553162	0.00189549225460878	0.00169848297887784
mautoservicio_lag2	0.000896193179593928	0.000635490145312252	0.00112070842708863
ccomisiones_mantenimiento_lag1	0.000893062497086785	0.0036027317445121	0.00100021775422806
mpayroll_delta1	0.000892169739091364	0.00124057991973626	0.000595194890034115
mpayroll_lag2	0.000881502447420386	0.0011356903533612	0.000602453364302824
Visa_mconsumototal_lag2	0.000878296060910733	0.000797790268522724	0.00136023807795601
mtransferencias_emitidas_lag2	0.000837378527982365	0.000563690787976426	0.000990055890251869
ccomisiones_otras_delta1	0.00083298880085419	0.00151272782960201	0.00140669231327575
mtarjeta_visa_consumo_lag2	0.000828151368420356	0.000606108274898405	0.00124700587936416
ctarjeta_visa_debitos_automaticos_lag1	0.000827804946436599	0.000546525997146028	0.00103941351527909
mplazo_fijo_dolares	0.000815652380000254	0.00373511571513811	0.000810045728387893
Visa_status_lag1	0.000815339333235996	0.00283477107500816	0.00030775930899325
ctarjeta_visa_debitos_automaticos_lag2	0.000794840907923836	0.00118304931179162	0.000984249110836902
Master_msaldototal_lag1	0.000761397919184372	0.000658636437047816	0.000876823691660013
Master_msaldopesos_lag1	0.000752062755153743	0.000674087452681858	0.000855048268853887
ctarjeta_debito_lag2	0.000751139119125878	0.000807192642205709	0.00118167961094578
ccajas_consultas_delta1	0.000750566014202145	0.00590477989022865	0.000921826232126007
matm_delta1	0.000749060764903146	0.000570751873111873	0.000810045728387893
Master_mlimitecompra_pct1	0.000744551153915973	0.00357310061296539	0.00102634826159541
thomebanking_lag1	0.000729616882213103	0.000396880720436153	0.00116716266240836
Master_mconsumototal	0.000725788613484938	0.0010467286500048	0.000950860129200842
cprestamos_personales_delta1	0.00072306255006359	0.000739596642749917	0.000217754228061262
ctransferencias_emitidas_lag1	0.000722720114992408	0.000445924444752342	0.000904405893881106
mextraccion_autoservicio_delta1	0.000715040247691701	0.0011927668470036	0.00106118893808521
catm_trx	0.000697852986876261	0.0031743239607562	0.000927633011540974
cpagomiscuentas_lag1	0.000694663642086976	0.00089161506351443	0.00079117369528925
Master_mpagospesos_lag1	0.000694613656715506	0.00090846086139745	0.00101618639761922
thomebanking_delta1	0.000683190927491182	0.0011490994054474	0.00103505843071786
mpagomiscuentas_delta1	0.000682936552636037	0.000916899578623413	0.00104376859984031
active_quarter_lag1	0.000678289027642339	0.00137222329543434	0.00147492197140161
Visa_msaldodolares	0.000667568702131783	0.00284973717903414	0.00102344487188793
mextraccion_autoservicio_lag1	0.000664028379154462	0.000591192161759856	0.000795528779850475
cpayroll_trx_lag2	0.000661553379807962	0.000973247847345799	0.000320824562676925
ctarjeta_master_transacciones	0.000649861633425518	0.000370930122364298	0.000550192349568121
mcuenta_debitos_automaticos_delta1	0.000632883809059761	0.00184635205152882	0.000836176235755244
Master_cconsumos	0.000632099268355779	0.000394782234344786	0.000807142338680409
Master_mconsumospesos_lag1	0.000616523368678238	0.000486835600415949	0.000711330478333454
mpagomiscuentas_lag2	0.000614810484864412	0.000475290953002972	0.00073310590113958
cmobile_app_trx_lag2	0.000591091835207774	0.000510046770836074	0.000905857588734848
Visa_mconsumosdolares_lag2	0.000590287525484352	0.00116310064885629	0.000711330478333454
cplazo_fijo	0.000565965626323654	0.00240495467940742	0.000339696595775568
matm_lag1	0.000563353937509557	0.000436265074120331	0.000675038106989911
Visa_mpagado_delta1	0.000559425380975708	0.00310269738214445	0.000884082165928722
ccomisiones_mantenimiento_lag2	0.000555493820036542	0.00111395759957982	0.000615518617986499
cpagomiscuentas_lag2	0.000551191313045581	0.000411983952750423	0.00056616099295928
Visa_fultimo_cierre_lag2	0.00054715096310227	0.00109017281109372	0.000794077084996734
Master_mpagospesos_delta1	0.000543955274853843	0.000424587093347743	0.00072439573201713
Visa_mconsumosdolares_delta1	0.000541173800620401	0.0011963825382836	0.000817304202656602
tmobile_app_delta1	0.000540512832351649	0.000891678847508026	0.00027437032735719
ctransferencias_emitidas_delta1	0.000532588010465013	0.000667903178520163	0.000714233868040938
Master_msaldopesos_delta1	0.00052649744230102	0.000388630654953263	0.000605356754010307
ccaja_ahorro_lag1	0.000522933410534193	0.000591480904746884	0.000550192349568121
tcuentas	0.000518137227479037	0.00237428497805193	0.000635842345938884
mextraccion_autoservicio_lag2	0.000515780290172532	0.000638876498834956	0.00055745082383683
foto_mes	0.000514667233368525	0.00305386438583914	0.00112941859621108
mprestamos_prendarios	0.000514514031316154	0.00875225091300519	0.000908760978442331
cdescubierto_preacordado_lag1	0.000508523000624307	0.000404884042575396	0.000538578790738187
Visa_mpagosdolares	0.000502376219355834	0.000888583280395486	0.000834724540901503
cextraccion_autoservicio_lag1	0.000491223113375419	0.000693759742638072	0.000605356754010307
Master_fultimo_cierre_delta1	0.000490829556325511	0.000269105435265041	0.000889888945343689
ccajas_otras	0.000486097238041448	0.00365154011027069	0.000544385570153154
Master_mconsumospesos_delta1	0.000475705933254232	0.000228970014109361	0.000516803367932061
Master_fultimo_cierre_lag2	0.000473313830456383	0.000561567598358935	0.00081585250780286
ctransferencias_emitidas_lag2	0.000472283987970964	0.00068406253218835	0.000659069463598752
Master_mconsumospesos_lag2	0.000466697115419421	0.000799625517926562	0.000535675401030703
cseguro_accidentes_personales	0.00045323165265754	0.000627001875075246	0.000795528779850475
Visa_mlimitecompra_pct1	0.000450455682996382	0.00130510651519359	0.000740364375408289
ccuenta_debitos_automaticos_lag1	0.000448638707550722	0.000451033768875511	0.000602453364302824
limite_total_delta1	0.000445426884285331	0.000758400514363115	0.000676489801843652
Master_mpagospesos_lag2	0.000442936849740743	0.0011616774776216	0.000683748276112361
Master_msaldopesos_lag2	0.00044118573719337	0.00144482174068536	0.000587936415765406
matm_other	0.000439617656625545	0.000780339398453315	0.000720040647455905
cseguro_vivienda	0.000435975247440807	0.00082165832650161	0.000695361834942295
cliente_edad_delta1	0.000424069705743079	0.000981900284737947	0.000712782173187196
Master_msaldototal_delta1	0.000423141236130937	0.000296913614436432	0.000525513537054511
Visa_mpagado_lag1	0.000419064819473637	0.000356505452489909	0.000612615228279016
ccuenta_debitos_automaticos_lag2	0.000416465251753654	0.0013742964941644	0.000589388110619148
cpagomiscuentas_delta1	0.00041573441511018	0.00108239977544394	0.000510996588517094
Master_mlimitecompra_delta1	0.000415194044627696	0.000740891041837348	0.000614066923132758
cextraccion_autoservicio_delta1	0.000414945691304136	0.000442483794557744	0.00054148218044567
Master_mpagado	0.000412273006003548	0.000569621166813498	0.00043260506641504
Master_msaldototal_lag2	0.000411663943456306	0.000964508710429175	0.000547288959860637
matm_lag2	0.000410799544274879	0.000656497118983431	0.000471800827466067
catm_trx_delta1	0.000408689096702822	0.000626944367309853	0.000487769470857226
tcallcenter_delta1	0.00040779722694675	0.000590140236721307	0.000375988967119112
mplazo_fijo_dolares_delta1	0.000405712636521783	0.00173394911020103	0.000351310154605502
minversion1_pesos	0.000394099781337025	0.00355505580006774	0.000394861000217754
Master_mpagominimo_lag2	0.000391945048428114	0.000423685250440578	0.000435508456122523
ctarjeta_visa_debitos_automaticos_delta1	0.000383613368397533	0.000532848745773256	0.000506641503955869
cdescubierto_preacordado_lag2	0.000382026693192555	0.000703780580226926	0.000429701676707556
internet_delta1	0.000380070678000527	0.0035412884556285	0.00102199317703419
Visa_mpagado_lag2	0.00037645635079444	0.000385718047190774	0.000473252522319808
cextraccion_autoservicio_lag2	0.000372872245090357	0.000648570425211781	0.000447122014952457
thomebanking_lag2	0.000372118458060919	0.000264656939588109	0.000705523698918487
mplazo_fijo_dolares_lag1	0.000370994255295838	0.00123882367053044	0.000370182187704145
catm_trx_lag1	0.00036788812199066	0.00041311710385862	0.000471800827466067
matm_other_delta1	0.000366741716777817	0.00160537262071219	0.00050809319880961
ccallcenter_transacciones_lag1	0.00036604137533494	0.000693763902463742	0.000447122014952457
active_quarter_lag2	0.000363166351489345	0.000944487287034331	0.000917471147564782
catm_trx_other	0.000362762185917793	0.000747388324635809	0.000500834724540902
catm_trx_lag2	0.000361570666624348	0.000631029717503795	0.00038324744138782
Visa_fultimo_cierre_delta1	0.00035937806334138	0.000168876990042132	0.00073310590113958
internet_lag2	0.000358531263027097	0.00302047047303634	0.00084053132031647
mtarjeta_master_consumo_lag1	0.000350783791250031	0.000760330126128189	0.000406474559047688
mtarjeta_master_consumo_lag2	0.00035044399120898	0.000950588620110532	0.000397764389925238
Master_mpagominimo_delta1	0.000348316948792293	0.000445340317653095	0.000516803367932061
Master_mfinanciacion_limite_delta1	0.00034607629363373	0.000497882528336564	0.000611163533425274
Visa_mlimitecompra_delta1	0.000345109238511185	0.000510336717983164	0.000495027945125935
Visa_mfinanciacion_limite_delta1	0.000343300040624194	0.000511162187950629	0.000484866081149742
mttarjeta_master_debitos_automaticos	0.00032672586745138	0.00109968195363555	0.000452928794367424
Master_mconsumototal_delta1	0.000325624252004797	0.000148425097669913	0.000293242360455832
mtarjeta_master_consumo_delta1	0.000305154653096329	0.000680933941898348	0.000332438121506859
Master_mconsumototal_lag1	0.000303197319567978	0.000223004532181992	0.00038324744138782
tmobile_app_lag1	0.000295495342838419	0.00215153196936414	0.00025840168396603
Visa_Finiciomora_lag1	0.000294377481342458	0.00577487229301534	0.000513899978224577
mcaja_ahorro_adicional	0.000288939784233708	0.00348934635453237	0.000654714379037526
Visa_Finiciomora	0.000287835487398674	0.00677009989291405	0.00079117369528925
Master_cconsumos_lag1	0.000283310983944117	0.000150301653412853	0.000328083036945634
matm_other_lag1	0.000274963901689971	0.000381077250800884	0.000386150831095304
Visa_msaldodolares_lag1	0.00026774136999525	0.000718869070702859	0.000362923713435436
Master_mconsumototal_lag2	0.000266853358975572	0.000313841769569765	0.000297597445017057
Visa_msaldodolares_delta1	0.00026522866193426	0.000878680486982423	0.000332438121506859
ccuenta_debitos_automaticos_delta1	0.000262746192188257	0.00110274785462292	0.0003164694781157
ccallcenter_transacciones_lag2	0.000258514467104982	0.00144042009778175	0.000438411845830007
Master_cconsumos_lag2	0.000257980041577447	0.000237382276303655	0.000280177106772157
catm_trx_other_lag2	0.000256602446281978	0.00127618481637198	0.000267111853088481
ctarjeta_master_transacciones_lag1	0.000253883875858995	0.000218992416813649	0.000233722871452421
Visa_Fvencimiento_delta1	0.000253330221149637	0.00108495288669332	0.000402119474486463
ccaja_seguridad_lag1	0.00025237076197646	0.000711506763103376	0.000117587283153081
minversion2	0.000252340999791687	0.00232406675979874	0.000375988967119112
Master_status_delta1	0.000248799976035783	0.000724611308652643	0.000188720330986427
ccajas_extracciones	0.000247628941804932	0.00153694706444266	0.000397764389925238
mplazo_fijo_dolares_lag2	0.000245954501509367	0.000729679727823398	0.000281628801625898
matm_other_lag2	0.000245924552251644	0.000544532090531575	0.000272918632503448
Master_cconsumos_delta1	0.000239466012562199	0.000175344205328738	0.000254046599404805
Master_delinquency	0.000237798675332691	0.000170048856720813	0.000107425419176889
ccajas_otras_delta1	0.000236419977871486	0.00147071785963682	0.00024969151484358
cseguro_vida	0.000232027001508911	0.000516867242897281	0.000483414386296001
cmobile_app_trx_delta1	0.000231943828142027	0.00080420366150352	0.000558902518690571
cinversion2	0.000231135573966225	0.00218106884801871	0.000272918632503448
cseguro_accidentes_personales_lag1	0.000225579071464637	0.000157172335299682	0.000355665239166727
Visa_status_delta1	0.000223334479225058	0.000405438503549475	0.000120490672860565
mttarjeta_master_debitos_automaticos_lag2	0.000219200327466298	0.000915741395581802	0.000265660158234739
ccajas_consultas_lag1	0.000216471027483022	0.000991352685798061	0.000303404224432024
tcallcenter_lag1	0.000215985042813812	0.000208661270825744	0.000256949989112289
mtarjeta_visa_descuentos	0.000214258493398428	0.00198562801402579	0.00040792625390143
mtarjeta_visa_descuentos_delta1	0.000210934402421231	0.000519450275699724	0.00022501270232997
ctarjeta_master_transacciones_lag2	0.000208643209346889	0.000273621254436358	0.00022501270232997
Visa_madelantopesos	0.000200265188697813	0.000293175974582866	0.000168396603034042
ccajas_transacciones_delta1	0.000196855094970539	0.000320513765046336	0.00022501270232997
cseguro_vivienda_lag1	0.000193986802699932	0.00105403801105124	0.000365827103142919
active_quarter_delta1	0.000192825983499629	0.00253368833002922	0.000582129636350439
Visa_msaldodolares_lag2	0.000192348270373116	0.00121404399040509	0.000267111853088481
mttarjeta_master_debitos_automaticos_lag1	0.000188458293963015	0.00033263841622259	0.000201785584670102
Master_mpagado_lag1	0.000182094015483243	0.000217762020658007	0.000172751687595267
ccaja_ahorro_lag2	0.000179647724889478	0.000336783609522652	0.000285983886187123
Master_mpagado_delta1	0.000178900551969423	0.000277822605382955	0.000206140669231328
ctarjeta_master_debitos_automaticos	0.000178781865556384	0.000541892170288619	0.000206140669231328
tcuentas_lag1	0.00017734365730206	0.00131056344018804	0.000310662698700733
ccajas_consultas_lag2	0.000175144740832444	0.00370213344262809	0.000375988967119112
ctarjeta_master_transacciones_delta1	0.000174745099641411	0.000181980586859228	0.00018291355157146
mttarjeta_master_debitos_automaticos_delta1	0.000173338375419771	0.000897574269213597	0.000203237279523844
ccajas_transacciones_lag1	0.000172713891112712	0.000132675048953765	0.000180010161863976
mcheques_emitidos	0.000168840556840884	0.00120163205582977	0.00019162372069391
mtarjeta_visa_descuentos_lag1	0.000166566008553943	0.000446204503191043	0.000184365246425201
Visa_mpagosdolares_lag1	0.000166206657326518	0.000601928854260819	0.000315017783261958
ccaja_ahorro_delta1	0.000165332068850154	0.00301497286202768	0.000243884735428613
Visa_mpagosdolares_delta1	0.000164107839040313	0.00047798425767535	0.000223561007476229
mcaja_ahorro_adicional_lag1	0.000161682156555308	0.0017620538046653	0.000381795746534079
Master_msaldodolares	0.000158548997928667	0.0021741213553158	0.000290338970748349
cseguro_accidentes_personales_lag2	0.000158129770881612	0.000512373463504071	0.000294694055309574
cprestamos_prendarios	0.000151481329115875	0.00464113833485817	0.000468897437758583
mprestamos_hipotecarios	0.000146186278625929	0.00226844197233553	0.000219205922915003
mprestamos_prendarios_delta1	0.000145226106332481	0.00452673437142464	0.000348406764898018
catm_trx_other_delta1	0.000142741605566177	0.000348896583995273	0.000267111853088481
catm_trx_other_lag1	0.000141302538751867	0.00023100322012948	0.000161138128765334
Master_Fvencimiento_delta1	0.00013987853086944	0.00047019315962464	0.000299049139870799
ctarjeta_master_delta1	0.000138788083053173	0.000561841380569432	0.0000943601654932133
Master_mpagosdolares	0.000137198577988786	0.00170324372192006	0.000248239819989838
cpayroll_trx_delta1	0.000135655307857213	0.00015782517250187	0.000150976264789141
minversion1_pesos_lag1	0.000131026394310799	0.00118878687905995	0.00019162372069391
Master_fechaalta_delta1	0.000128859866130605	0.0000735185694973105	0.00022501270232997
ccajas_transacciones_lag2	0.000126902916206882	0.000568795696846034	0.000209044058938811
ctarjeta_master_debitos_automaticos_lag1	0.000121999043669891	0.000324112890003055	0.000108877114030631
ccajas_depositos_delta1	0.000121425748804508	0.00203888724729174	0.000209044058938811
tcuentas_lag2	0.000120918431106381	0.00169731337957269	0.000243884735428613
Visa_delinquency	0.000118885641472915	0.000263863690024732	0.000198882194962619
Master_status_lag1	0.000117781865757652	0.000600389682273478	0.000101618639761922
Visa_fechaalta_delta1	0.000117095011112998	0.0000883163465424772	0.000219205922915003
ccheques_emitidos	0.000116962724000621	0.00103827081217663	0.000127749147129273
cseguro_vida_lag1	0.000116353952267223	0.000155970145681254	0.000165493213326559
ctarjeta_visa_descuentos_delta1	0.000115896949416287	0.000277191552530983	0.000101618639761922
mcaja_ahorro_adicional_delta1	0.000115131274972093	0.0018518718117847	0.000194527110401394
mforex_sell_delta1	0.000114882874956575	0.000288659206679379	0.000114683893445598
Master_mconsumosdolares	0.000113926846313424	0.000286099308346009	0.000132104231690499
mcheques_depositados_lag1	0.000110714533729209	0.000462238186336378	0.0000914567757857298
cprestamos_prendarios_lag2	0.000110617975690995	0.0015115345434701	0.000132104231690499
tcallcenter_lag2	0.000107809509069119	0.000523038307787991	0.000197430500108877
mtarjeta_master_descuentos	0.00010614522251485	0.00139705552072603	0.000210495753792553
cseguro_vida_lag2	0.000105309949376634	0.000195082870047166	0.000174203382449009
Master_Finiciomora	0.000104405003565563	0.001687659664844	0.000210495753792553
ccajas_extracciones_delta1	0.000101087013736381	0.000264485766410787	0.00010016694490818
mforex_sell	0.0000994884820507108	0.000668669754113678	0.000193075415547652
mcaja_ahorro_adicional_lag2	0.0000972408602091529	0.000817375494057473	0.000168396603034042
ctarjeta_master_debitos_automaticos_delta1	0.0000962878119979901	0.000407775340353753	0.000101618639761922
minversion2_lag2	0.0000950809066894275	0.00102924804083082	0.000130652536836757
Master_mpagado_lag2	0.0000948969918372243	0.000160076732879928	0.000108877114030631
ccajas_extracciones_lag1	0.0000946969238718583	0.00119951350040403	0.00015823473905785
cseguro_vivienda_lag2	0.0000938110496066382	0.000587453974560807	0.000143717790520433
minversion2_lag1	0.0000925950655639593	0.000205815585170953	0.0000972635552006968
ctarjeta_visa_lag2	0.0000925821609152661	0.000185084984478891	0.000135007621397982
mcheques_depositados	0.0000842173665230638	0.000614051607972733	0.000135007621397982
tcuentas_delta1	0.0000824189246505786	0.00380665552124599	0.000354213544312985
cprestamos_hipotecarios	0.0000815888151398274	0.00132526707381016	0.000127749147129273
ctarjeta_debito_delta1	0.000081326556370209	0.00124868442781042	0.000130652536836757
Visa_mpagosdolares_lag2	0.0000808163238894304	0.000200857401380435	0.000137911011105466
minversion1_dolares	0.0000801643586878172	0.000770222082100692	0.00010016694490818
mforex_buy	0.0000796177235099969	0.00172340880525929	0.000148072875081658
mcheques_depositados_delta1	0.0000767154169240814	0.000697276765772371	0.000116135588299339
ccajas_otras_lag1	0.0000765854472372895	0.000385765410819886	0.0000769398272483124
Master_mconsumosdolares_lag1	0.0000760106468941945	0.000275971191042525	0.0000725847426870872
Master_msaldodolares_delta1	0.0000759719012840441	0.00043499548802812	0.0000638745735646367
cplazo_fijo_delta1	0.0000734897432369403	0.00136003329120744	0.000132104231690499
Visa_Finiciomora_lag2	0.0000708410709649959	0.000715824333740822	0.000127749147129273
mforex_sell_lag1	0.0000707129918120037	0.0000608899226004916	0.0000740364375408289
tmobile_app_lag2	0.0000706468756040024	0.00108700145487666	0.000123394062568048
ccajas_depositos	0.0000693949129757657	0.00043598278981	0.000129200841983015
ccajeros_propios_descuentos	0.0000685405395704705	0.000121650890605235	0.0000972635552006968
ccajeros_propios_descuentos_delta1	0.0000653149180189748	0.0000495878222157938	0.0000551644044421863
minversion2_delta1	0.0000647654241264925	0.000958763589793182	0.000116135588299339
mtarjeta_visa_descuentos_lag2	0.0000638576377739508	0.000597362314408096	0.0000929084706394716
mprestamos_prendarios_lag2	0.0000618504342523684	0.000606453832346548	0.0000798432169557959
mforex_sell_lag2	0.0000615891510977112	0.000195440833992919	0.000062422878710895
cseguro_auto	0.0000615073440508785	0.000317892928915881	0.000116135588299339
mcajeros_propios_descuentos_lag1	0.0000605637978583542	0.0000826600053437945	0.0000493576250272193
mprestamos_prendarios_lag1	0.0000590224688307028	0.00101124570194264	0.000126297452275532
Master_Finiciomora_lag2	0.0000561782696870892	0.00264647707694299	0.000198882194962619
mprestamos_hipotecarios_delta1	0.0000559862001532554	0.00114943744601758	0.000101618639761922
minversion1_pesos_delta1	0.0000557380650049519	0.00160913138810139	0.000172751687595267
ccajas_depositos_lag1	0.00005473491432457	0.00139061611058995	0.000145169485374174
Visa_cadelantosefectivo	0.0000545166629585994	0.000159770000471366	0.000050809319880961
mcheques_emitidos_lag1	0.0000532698676734503	0.00169902390718585	0.000139362705959207
cseguro_auto_lag1	0.0000532558958052742	0.00019379434580125	0.000062422878710895
Master_mpagosdolares_lag1	0.0000525275354580964	0.00134119176222502	0.000140814400812949
cseguro_auto_lag2	0.0000524994075802305	0.00105240637416701	0.000107425419176889
mcajeros_propios_descuentos	0.000052163386482343	0.000454983450369116	0.000108877114030631
ctarjeta_master_debitos_automaticos_lag2	0.0000513821967461348	0.0000473310073211009	0.0000653262684183785
cinversion2_lag1	0.0000507403727274083	0.000261280730201687	0.000050809319880961
ctarjeta_master_lag2	0.0000506902559004266	0.0000365467322528335	0.0000914567757857298
mcajeros_propios_descuentos_delta1	0.000050647604750713	0.0000873294826369836	0.0000537127095884445
ccajas_extracciones_lag2	0.0000500715703900001	0.000456567833093336	0.0000769398272483124
ccajas_otras_lag2	0.0000499616757212172	0.000245702110090753	0.0000711330478333454
cprestamos_prendarios_lag1	0.0000499404370172404	0.000553072942424629	0.0000653262684183785
ccheques_depositados_delta1	0.0000496362549495003	0.000800189721650235	0.0000711330478333454
ctarjeta_visa_delta1	0.0000475819357982134	0.000210990225855071	0.0000464542353197358
cforex	0.0000473654097876114	0.0000275588815488239	0.0000551644044421863
cinversion1	0.0000467280642901118	0.000665665849124658	0.000103070334615664
mtarjeta_master_descuentos_delta1	0.0000462139959740698	0.000151069287207634	0.0000464542353197358
minversion1_dolares_lag2	0.0000440851141668751	0.00105647070629441	0.0000725847426870872
Master_delinquency_delta1	0.0000439504073052596	0.0000278898796071242	0.0000203237279523844
cforex_sell	0.00004341890464749	0.000120167182960152	0.0000798432169557959
Master_msaldodolares_lag1	0.0000431794349920854	0.00027859713573082	0.0000740364375408289
mcheques_emitidos_lag2	0.0000428606233280612	0.0000577982598857289	0.0000406474559047688
cplazo_fijo_lag1	0.00004283105097943	0.000121068223093942	0.0000537127095884445
ccajas_depositos_lag2	0.0000428146133230723	0.000237822415051227	0.000056616099295928
ccajeros_propios_descuentos_lag1	0.0000427407141954096	0.0000198619269211555	0.0000333889816360601
cplazo_fijo_lag2	0.0000426995609866515	0.000115918614343238	0.0000420991507585106
cinversion1_delta1	0.0000419655801614052	0.00127279904668446	0.0000914567757857298
Visa_delinquency_lag1	0.0000407176437378213	0.0000679532336075685	0.0000580677941496697
Visa_delinquency_delta1	0.0000388541237763276	0.000059045331833747	0.000062422878710895
cforex_sell_delta1	0.0000373158330537122	0.0000959716299340548	0.0000391957610510271
ctarjeta_visa_lag1	0.0000370152606643742	0.0000811081714309518	0.0000522610147347028
Master_Finiciomora_lag1	0.0000369650710647803	0.00157391824487256	0.000136459316251724
mcheques_emitidos_delta1	0.0000360866000440865	0.0000832970789960782	0.0000348406764898018
cforex_sell_lag1	0.000035634855838491	0.00002558059252548	0.0000391957610510271
ctarjeta_master_lag1	0.0000355152685364433	0.0000521457865951247	0.0000725847426870872
ccheques_depositados_lag1	0.0000347429815654985	0.00026550131121958	0.0000348406764898018
mtarjeta_master_descuentos_lag2	0.0000343003645853308	0.0000897723220164317	0.0000377440661972853
mcajeros_propios_descuentos_lag2	0.0000335304233705314	0.0000429431575236633	0.0000333889816360601
ctarjeta_visa_descuentos_lag1	0.0000331721171144727	0.0000746861668812256	0.0000391957610510271
Master_mconsumosdolares_lag2	0.0000331291799045176	0.000108907593074618	0.0000362923713435436
Master_mpagosdolares_delta1	0.0000327252821715379	0.000455583122080075	0.0000609711838571532
Master_madelantopesos_lag1	0.0000321623839574101	0.0000140138323549976	0.0000145169485374174
ccheques_depositados	0.0000318573088881631	0.000504735768147341	0.0000783915221020542
cforex_delta1	0.0000282122378968515	0.0000984565784259799	0.0000348406764898018
Master_mconsumosdolares_delta1	0.0000278925841521876	0.000355251483988807	0.0000391957610510271
ccaja_seguridad_lag2	0.0000272987706552778	0.0000793593661236977	0.0000479059301734775
ctarjeta_visa_descuentos_lag2	0.0000271673004183244	0.000223817887569437	0.0000435508456122523
cinversion2_lag2	0.0000268041025309947	0.000348480491959246	0.0000580677941496697
mtarjeta_master_descuentos_lag1	0.0000265885223704429	0.0000662245341243827	0.0000246788125136096
cseguro_accidentes_personales_delta1	0.0000263622717630882	0.00122688650342689	0.000107425419176889
cforex_sell_lag2	0.0000256580502710236	0.000175987080843139	0.0000377440661972853
ctarjeta_visa_descuentos	0.0000253894315115877	0.0000859418888586806	0.0000537127095884445
Visa_madelantodolares	0.0000243971548103439	0.00000582941184034495	0.0000522610147347028
ccheques_emitidos_lag1	0.0000231505525608221	0.000380118958329593	0.0000391957610510271
cseguro_vivienda_delta1	0.0000224381938074986	0.000224049232260168	0.0000333889816360601
Master_madelantopesos	0.0000223790394433414	0.00000740722641877139	0.0000261305073673514
Master_delinquency_lag1	0.0000216799967663164	0.000105579404131887	0.0000275822022210931
ctarjeta_master_descuentos_delta1	0.0000212783590449807	0.00004394520114388	0.0000203237279523844
mforex_buy_delta1	0.0000212667113720676	0.000136509058102004	0.0000217754228061262
cforex_buy_delta1	0.0000206800544342164	0.0000438182899712674	0.0000130652536836757
Visa_delinquency_lag2	0.0000202236535542221	0.0000268045664941238	0.0000290338970748349
mpagodeservicios_delta1	0.00001989258163272	0.00012505406587911	0.0000188720330986427
cpagodeservicios_delta1	0.0000197152135381637	0.0000934097976466454	0.0000174203382449009
cforex_lag1	0.0000195091556454009	0.0000248611981125828	0.0000203237279523844
ccajeros_propios_descuentos_lag2	0.0000193797992532201	0.00000822021690922793	0.0000159686433911592
ccheques_emitidos_delta1	0.0000191945657510183	0.0000600124548121609	0.0000217754228061262
ccheques_emitidos_lag2	0.0000189997363928602	0.0000292004071414486	0.0000203237279523844
mcheques_depositados_lag2	0.0000184102582958057	0.0000644440922482227	0.0000217754228061262
mpagodeservicios	0.0000180531319056444	0.00121888084594692	0.000105973724323147
Master_msaldodolares_lag2	0.000017833864258168	0.000158038454791669	0.0000304855919285766
ctarjeta_master_descuentos	0.000017314727580627	0.0000536610213400174	0.0000261305073673514
Master_reduccion_fuerte	0.0000170100427801771	0.00000519372479661768	0.0000159686433911592
cseguro_vida_delta1	0.0000167179665590931	0.000385167308165978	0.0000406474559047688
ctarjeta_master_descuentos_lag2	0.0000153494514263872	0.00000251147650299159	0.0000116135588299339
mpagodeservicios_lag1	0.0000153419845343411	0.000209904219437792	0.0000261305073673514
cinversion1_lag1	0.0000153299716353064	0.0000994752978385727	0.0000246788125136096
minversion1_pesos_lag2	0.0000146862662763109	0.000651405309915712	0.0000769398272483124
minversion1_dolares_lag1	0.0000141014564026003	0.000377946106231962	0.0000362923713435436
mprestamos_hipotecarios_lag2	0.0000136588280360282	0.000198698597816863	0.0000188720330986427
cliente_vip	0.0000132191553439284	0.000361649551296086	0.0000595194890034115
cforex_lag2	0.0000127899241643202	0.00000946301956248016	0.0000116135588299339
Master_mpagosdolares_lag2	0.000011684239040574	0.00000320977986995151	0.0000217754228061262
minversion1_dolares_delta1	0.0000103890995232745	0.000203765557399663	0.0000232271176598679
ccheques_depositados_lag2	0.000010320144108348	0.00000600547463731321	0.0000101618639761922
Master_status_lag2	0.0000102318803685307	0.000103812353975206	0.0000232271176598679
cforex_buy	0.00000987163892560299	0.0000426085469851765	0.0000101618639761922
cprestamos_hipotecarios_lag2	0.00000843732516662862	0.000152328400756274	0.0000145169485374174
Master_madelantodolares	0.00000825187016136268	0.00000176759750216362	0.0000145169485374174
Visa_status_lag2	0.00000802467583409655	0.0000977490066755112	0.0000246788125136096
Master_delinquency_lag2	0.00000758604959619113	0.000176648383655461	0.0000261305073673514
Visa_madelantopesos_lag1	0.00000753380617782322	0.0000135411812857479	0.0000290338970748349
Master_madelantodolares_lag1	0.00000742309954120565	0.00000916858418243106	0.0000101618639761922
Master_cadelantosefectivo	0.00000691370298162928	0.000000759095205249889	0.00000725847426870872
mcheques_depositados_rechazados_delta1	0.00000685811040909996	0.00000789107982556913	0.00000435508456122523
mprestamos_hipotecarios_lag1	0.00000636200220835378	0.000139327194034161	0.0000217754228061262
mcheques_emitidos_rechazados	0.00000618813508098118	0.00000348199302339881	0.00000290338970748349
Visa_madelantodolares_lag2	0.00000616707416232099	0.00000624583228366138	0.0000130652536836757
cpagodeservicios	0.00000559416289871389	0.000153182770565231	0.0000275822022210931
Visa_cadelantosefectivo_lag1	0.00000543013567219163	0.000000467360062915953	0.00000725847426870872
Visa_Finiciomora_delta1	0.00000512688384489058	0.000263568597830104	0.0000203237279523844
cprestamos_prendarios_delta1	0.00000425073875322728	0.000000756942313017531	0.00000290338970748349
mplazo_fijo_pesos	0.00000408521669398419	0.000283544153673489	0.0000188720330986427
cpagodeservicios_lag1	0.00000381487994484038	0.00000829589654465015	0.00000435508456122523
Visa_madelantodolares_lag1	0.00000379735342542124	0.000000933625434866301	0.0000130652536836757
mforex_buy_lag1	0.00000377190995299066	0.000104191372477198	0.00000871016912245046
cforex_buy_lag2	0.00000320245477251878	0.000134558975615874	0.00000871016912245046
mpagodeservicios_lag2	0.00000312645554475385	0.00000312519674800904	0.00000435508456122523
ctarjeta_master_descuentos_lag1	0.00000279688458689397	0.0000232967022742379	0.00000580677941496697
Visa_madelantopesos_delta1	0.00000273415817678618	0.000000459624246759006	0.00000725847426870872
mcheques_depositados_rechazados_lag1	0.00000256014870937792	0.000000068965530833163	0.00000145169485374174
cinversion1_lag2	0.00000250963573361757	0.0000764209236544211	0.0000130652536836757
mforex_buy_lag2	0.00000248979262698134	0.000117229762202443	0.00000725847426870872
ccheques_emitidos_rechazados_delta1	0.00000238460702488575	0.00000104710839830076	0.00000290338970748349
Master_madelantopesos_lag2	0.00000220334335992977	0.000000354023058276903	0.00000145169485374174
cliente_vip_lag1	0.0000020432027783262	0.00000066046354924881	0.00000725847426870872
Master_madelantodolares_lag2	0.00000191635071643627	0.00000027677436580399	0.00000290338970748349
mplazo_fijo_pesos_lag2	0.00000181165725338857	0.000000267177575005513	0.00000435508456122523
mcheques_depositados_rechazados_lag2	0.00000180597076953433	0.000000938442075114966	0.00000145169485374174
Visa_cancelada	0.00000165324126863022	0.00000122349960255871	0.00000580677941496697
cliente_vip_lag2	0.00000161094345390217	0.000000152162044219201	0.00000290338970748349
Visa_madelantopesos_lag2	0.00000153701884441882	0.00000075103098180326	0.00000290338970748349
ccheques_emitidos_rechazados	0.00000150929996175076	0.000000650538351160651	0.00000145169485374174
cforex_buy_lag1	0.00000148009154461868	0.0000693931171243286	0.00000580677941496697
mcheques_depositados_rechazados	0.00000139573444507891	0.00000715019298004716	0.00000145169485374174
Visa_cadelantosefectivo_lag2	0.00000129655426022461	0.000000832293541150061	0.00000725847426870872
mcuenta_corriente_adicional_lag2	0.00000105567487214094	0.0000002432403325576	0.00000290338970748349
ccaja_seguridad_delta1	0.00000105177525248143	0.0000338652502428833	0.00000580677941496697
Visa_madelantodolares_delta1	0.000000931221477674574	0.00000533504940027739	0.00000290338970748349
mplazo_fijo_pesos_delta1	0.000000911057498569152	0.000000186352892044954	0.00000290338970748349
Master_Finiciomora_delta1	0.000000764854491903612	0.0000620137688354813	0.00000435508456122523
cprestamos_hipotecarios_lag1	0.000000757663211868245	0.0000295056799620572	0.00000435508456122523
cpayroll2_trx_delta1	0.000000688117836902904	0.000000185550118670177	0.00000145169485374174
ccheques_emitidos_rechazados_lag2	0.000000671516099976845	0.000000640686132470199	0.00000145169485374174
mpayroll2_lag2	0.000000576545400108504	0.000000107462163123632	0.00000290338970748349
mcuenta_corriente_adicional_lag1	0.000000548998913249323	0.000000123006774835234	0.00000145169485374174
cseguro_auto_delta1	0.000000267720744831121	0.000000343149128018553	0.00000145169485374174
mpayroll2_lag1	0.000000252946969234862	0.000000217405625769304	0.00000145169485374174
Master_cancelada	0.000000233712529076946	0.0000000449188192886898	0.00000145169485374174
mpayroll2_delta1	0.00000021401895989304	0.000000144207289869132	0.00000145169485374174
Master_madelantodolares_delta1	0.00000012136595365925	0.000000257799722400157	0.00000145169485374174
ccheques_emitidos_rechazados_lag1	0.0000000881116074167937	0.000000104725435709618	0.00000145169485374174
