Feature	Gain	Cover	Frequency
ctrx_quarter	0.142793910197149	0.0135271980603637	0.00809387505558026
mpayroll_rank	0.037852557180085	0.0044694067741079	0.00188972876834149
cpayroll_trx	0.0210336600951785	0.00380690998357684	0.00142655995257151
mpasivos_margen_rank	0.0185152896311194	0.00560565351007296	0.00587298058396324
mpayroll_ratio	0.0183880442440898	0.00104603532344023	0.000643804653920261
mpayroll	0.0174518128860723	0.00296323709263106	0.00176235734400474
mcaja_ahorro_rank	0.0144866962090381	0.00379065281001545	0.00531486216096043
mautoservicio	0.0142097399686947	0.00119874710569953	0.00310323106565881
ctarjeta_visa_transacciones	0.0136146982999922	0.00237356523274203	0.00424262635245294
mtarjeta_visa_consumo	0.0129391297987845	0.00236301215648949	0.00361734845116348
mprestamos_personales	0.0125729796585276	0.00737319807556498	0.00280680302356603
mautoservicio_rank	0.0110974833419341	0.00141975171616604	0.00314028457092041
mpayroll_base	0.0106164062849188	0.00178665334305624	0.00125518749073662
cpayroll_trx_lag1	0.00964951695403733	0.00044758483171852	0.000365903364458278
mtarjeta_visa_consumo_rank	0.0090054218239407	0.00312789623623964	0.00366134948866163
mcuentas_saldo_base	0.00848789079772722	0.00368515498727983	0.00515275307544094
mpasivos_margen	0.00829056761975711	0.00466131847135969	0.00633383355565437
mcaja_ahorro	0.0082086196060824	0.00247904494926492	0.00492580035571365
mcuentas_saldo_rank	0.00777047809003441	0.00635784691330438	0.00636393952867941
mprestamos_personales_rank	0.00759944045694949	0.00819330670887366	0.00280680302356603
Visa_msaldopesos	0.0074862841284684	0.00392595274746528	0.00559507929450126
cliente_edad	0.00662944516676783	0.00921954938060473	0.0113777419593894
mcomisiones_mantenimiento_rank	0.00644134644517744	0.00309137632530849	0.00471505854453831
mcuentas_saldo	0.00587848163467267	0.00528606291904151	0.00713743145101527
mactivos_margen_rank	0.00585421385779619	0.00483364799717882	0.00697300652141693
Master_Fvencimiento	0.00581238299183921	0.00632162886744444	0.010412034978509
Master_fechaalta	0.00547438050855786	0.0086578691208731	0.0102985586186453
mrentabilidad_annual_rank	0.00537429948592699	0.0063287019580676	0.00769091818586038
Visa_mpagominimo	0.00534589920526846	0.00455423623050758	0.00683174003260709
mrentabilidad_annual_rank_lag1	0.00530160668846134	0.00326543511894597	0.00397167259522751
mcuenta_corriente	0.00500436495515155	0.00592543555029287	0.0066094190010375
mrentabilidad_annual	0.00491644464012019	0.00454003477017562	0.00761681117533719
numero_de_cliente	0.00488173883914081	0.00741215165357679	0.0099442344745813
mactivos_margen	0.00476995072577206	0.00522882786442719	0.00646583666814881
Visa_fechaalta	0.00468796814836231	0.00486685603635362	0.00887894619831036
mcaja_ahorro_base	0.00460050864401552	0.00203520447522494	0.00384661701496962
chomebanking_transacciones	0.00442777115637337	0.00816656404610137	0.00793176597006077
cliente_antiguedad	0.00422229362942123	0.00426953257633719	0.00850146361345783
Visa_Fvencimiento	0.00420183178103101	0.00481954144328217	0.00922863865421669
ctrx_quarter_lag1	0.00415687713502458	0.00515033686308025	0.00393925077812361
cprestamos_personales	0.00394491078330377	0.00586908965656941	0.00224173706832666
Master_mfinanciacion_limite	0.00385101314689785	0.00295982131469123	0.00715595820364606
Visa_mpagospesos	0.00382948282413567	0.00194455445837204	0.00589382318067289
mpayroll_lag1	0.00382415678495576	0.00115880056732977	0.000933285163776493
Visa_msaldototal	0.00378434444753513	0.00316096269834828	0.00518517489254483
mcomisiones_mantenimiento_rank_delta1	0.00371214921858219	0.00480554672815335	0.00275353860975248
limite_total	0.00368069203495472	0.0030819073096316	0.00680626574773974
ccomisiones_mantenimiento_delta1	0.00364289760415396	0.00374262876643962	0.000889284126278346
Visa_msaldopesos_lag1	0.00345306113553318	0.00160723770721539	0.00220468356306507
cliente_edad_lag1	0.0034069553308508	0.00311204992074712	0.00545844449384912
mrentabilidad_annual_lag1	0.00338209618348579	0.00224971329512021	0.00357334741366533
Master_fechaalta_lag1	0.00335687465193696	0.00289535017796703	0.00517127982807174
cproductos	0.00332238562071388	0.00339309793412414	0.00342050170446124
Visa_mlimitecompra	0.00328470205847827	0.00268409407338062	0.00512033125833704
mtransferencias_recibidas	0.00324200605250744	0.00243884691595604	0.0048679042537424
mrentabilidad	0.00323558149486268	0.00332794349240905	0.00628520082999852
mtransferencias_recibidas_rank	0.00323542156952379	0.00264622594325742	0.00465947828664592
Visa_mconsumospesos	0.00321592774024607	0.00248696501223611	0.00634309693196977
Visa_cconsumos	0.003214424573941	0.00181835468921243	0.00517127982807174
Visa_mfinanciacion_limite	0.00318564599768241	0.00257870623966222	0.00610688083592708
mcomisiones_mantenimiento	0.00317725669742774	0.00445192947658442	0.00325839261894175
mrentabilidad_annual_rank_delta1	0.00315258804264087	0.00376872604410858	0.00511569957017934
Master_mlimitecompra	0.00293873412029821	0.00269003010095864	0.0057456091596265
mttarjeta_visa_debitos_automaticos_rank	0.00291513761780066	0.00205677189150309	0.0041059915518008
ccomisiones_otras	0.0028756121405419	0.00300986638867249	0.00375398325181562
cliente_antiguedad_lag1	0.00287124621584272	0.00269480466301229	0.00462010893730547
mcuenta_corriente_rank	0.00283623153834859	0.00381654487208274	0.00537970579516822
mcuenta_debitos_automaticos_rank	0.00281644879287205	0.00233565779541831	0.00281375055580258
mcaja_ahorro_dolares_delta1	0.00273805117739615	0.0046736052975186	0.00282764562027568
ctrx_quarter_delta1	0.0027320024848821	0.00671456975386417	0.00511801541425819
mrentabilidad_rank	0.00272759209081563	0.00293894630986854	0.00551865643989922
mcaja_ahorro_lag1	0.0027197597314255	0.00114665467793873	0.00278132873869868
mcomisiones_otras_rank	0.00266559967933369	0.0019187920567083	0.0050022232103157
mcomisiones_rank	0.00264743767187983	0.0020616290164639	0.00471505854453831
mcuenta_debitos_automaticos	0.00263973495046676	0.00283720077739581	0.00304533496368757
mactivos_margen_rank_lag1	0.00263848340100304	0.00206593594733371	0.00362661182747888
mtarjeta_master_consumo	0.00256292676449966	0.00153601352229622	0.00144277086112346
Master_status	0.00255717050484753	0.00843483127876154	0.00134318956573292
Visa_status	0.00254291543548656	0.00990002304361331	0.00133392618941752
Visa_fechaalta_lag1	0.00250448590384705	0.00320967634318152	0.00470811101230176
mcuentas_saldo_rank_delta1	0.00247895732435439	0.00460949461315906	0.00437926115310508
mprestamos_personales_rank_lag1	0.00247020814865732	0.00134909864174866	0.000921705943382244
mrentabilidad_annual_delta1	0.00246003206598909	0.00684336248208993	0.00522222839780643
mcomisiones	0.0024585218955186	0.00188980511286043	0.00464326737809397
mcomisiones_rank_lag1	0.00244497172016911	0.000808680518299767	0.00229963317029791
Master_mpagominimo	0.00242647075454661	0.0021168705379271	0.00279522380317178
mpayroll_vs_media	0.0024216861109072	0.000611359438812773	0.000428431154587224
mttarjeta_visa_debitos_automaticos	0.00240108811793766	0.00162062221807466	0.00401104194456796
mpayroll_rank_lag1	0.00237970992449298	0.000938525078753953	0.000734122572995405
mcomisiones_otras	0.00234001261621515	0.00178619464047632	0.00452979101823032
chomebanking_transacciones_lag1	0.00233913319496071	0.00232944547912852	0.00398556765970061
mcuentas_saldo_pct	0.00233630057559699	0.00191845675383755	0.0041986253149548
mcuentas_saldo_lag1	0.00230736577231742	0.00200277347359614	0.00316575885578776
Master_Fvencimiento_lag1	0.00230227248479692	0.00255217882383147	0.00501380243070995
ccaja_ahorro	0.00227154484546102	0.00547838832013234	0.00149835111901586
mcuenta_corriente_lag1	0.00223906176374127	0.0034155249864276	0.00351545131169409
Visa_mconsumototal	0.0022344823219644	0.00202315246067751	0.00494432710834445
mcaja_ahorro_dolares	0.00216720663433717	0.00191814037533846	0.00389061805246776
Master_msaldototal	0.00216462409230155	0.00298683927015573	0.00288554172224693
ctarjeta_debito_transacciones	0.00216147625260514	0.00336402913881165	0.00312870535052616
ccomisiones_otras_lag1	0.00211969307108056	0.0021354482236326	0.00199625759596858
mpagomiscuentas_rank	0.00207988717398293	0.00151556787304852	0.00235058174003261
chomebanking_transacciones_delta1	0.00205765418036563	0.00386762335193056	0.00399714688009486
Visa_msaldototal_lag1	0.0020531945209974	0.00106699605708941	0.00226026382095746
mpasivos_margen_rank_lag1	0.00204695293771674	0.00145158140655708	0.00315186379131466
mpasivos_margen_lag1	0.00204390668381473	0.00132776080797929	0.00316112716763006
mtarjeta_master_consumo_rank	0.00197669256960761	0.00149443162652386	0.00133624203349637
Visa_Fvencimiento_lag1	0.00197545367009878	0.00230708370167843	0.00444178894323403
mpagomiscuentas	0.00197203071176384	0.0017308783464018	0.00244553134726545
mcuentas_saldo_ratio	0.00196818117707065	0.00219635232973223	0.0041106232399585
mcuentas_saldo_delta1	0.00193925268403814	0.00356566013722713	0.00375166740773677
ccomisiones_mantenimiento	0.00189881129123129	0.0060495951156705	0.00167898695716615
mtransferencias_emitidas_rank	0.00187695471079171	0.00158708784020516	0.00297585964132207
limite_total_lag1	0.00183061798086078	0.00137075153784841	0.00322597080183785
cliente_edad_lag2	0.001829787443703	0.00289837138987224	0.00354092559656143
Visa_mpagominimo_delta1	0.00181540868123236	0.00149623687640585	0.00274195938935823
ctransferencias_recibidas	0.00181030645699277	0.00206669672841759	0.0032838669038091
mpayroll_rank_delta1	0.00180686793459828	0.00209865615035644	0.000734122572995405
mcaja_ahorro_rank_lag1	0.00179530101348878	0.00120603099674833	0.00288785756632577
mactivos_margen_ratio	0.00179317759925817	0.00197610266652074	0.00375398325181562
mcaja_ahorro_dolares_rank	0.00176501631007174	0.00245670728971706	0.00404346376167185
Master_msaldopesos	0.00174250083815606	0.00453797813207089	0.00306849340447606
mcomisiones_otras_rank_lag1	0.00174188019958268	0.000856413226154037	0.00221163109530162
cproductos_delta1	0.00173065805661589	0.00818455521857401	0.00139413813546762
mcomisiones_otras_rank_delta1	0.00173030187446626	0.00151250191140734	0.00301522899066252
Master_mfinanciacion_limite_lag1	0.00170978039822245	0.00177739904073898	0.0032792352156514
Visa_mpagominimo_lag1	0.0017096523053613	0.0028956199214074	0.00333249962946495
Master_mpagospesos	0.00170195761852094	0.00194294592235333	0.00232279161108641
Visa_mlimitecompra_lag1	0.00168556119602945	0.00112102912224823	0.00232279161108641
mtransferencias_emitidas	0.00168301241958773	0.00144006514381703	0.00302449236697792
mpasivos_margen_rank_delta1	0.00164237002432452	0.00222458937756713	0.00364050689195198
mextraccion_autoservicio	0.00162378417419977	0.000961777013114463	0.00162340669927375
mpayroll_cv	0.00161296435745423	0.00161827929549042	0.00066001556247221
mcuentas_saldo_cv	0.00160906639661899	0.00128190456540562	0.00225331628872091
ccuenta_debitos_automaticos	0.00160215456847416	0.00117071797694797	0.00132003112494442
mcomisiones_otras_lag1	0.00159541191969821	0.002006202128646	0.00270027419593894
Visa_cconsumos_lag1	0.00159121852061149	0.00160777893713036	0.00273732770120053
Visa_mpagospesos_lag1	0.00158739504696325	0.00126261099064073	0.00292491107158737
Visa_mconsumosdolares	0.00158632383005368	0.00143490401945738	0.00229268563806136
tmobile_app	0.0015760369959809	0.00952668552961403	0.00129224099599822
mcuenta_corriente_delta1	0.0015753754603098	0.00382133017691879	0.00308470431302801
mcaja_ahorro_rank_delta1	0.00156919213125137	0.00140394844294741	0.00309859937750111
Visa_mconsumospesos_delta1	0.00155421613209439	0.000976412773547096	0.00282764562027568
Visa_mpagosdolares	0.00155244426565572	0.000493777657759523	0.000782755298651252
mcomisiones_otras_rank_lag2	0.00154563073451321	0.0016096586039024	0.00183878019860679
mrentabilidad_lag1	0.0015439405991933	0.00224617425975972	0.003223654957759
Master_fultimo_cierre	0.00154365067798288	0.00286304542181758	0.00299207054987402
mcuentas_saldo_rank_lag1	0.00153256667622326	0.00171208520032201	0.00291564769527197
mcaja_ahorro_ratio	0.00153068395735987	0.00130047776902309	0.00316807469986661
cdescubierto_preacordado	0.00152427841373849	0.0074463929207575	0.00142887579665036
Visa_cconsumos_delta1	0.00151433911025379	0.00162948359067515	0.00194299318215503
mactivos_margen_pct	0.0015102514151105	0.00163703459282691	0.00334176300578035
Visa_mpagospesos_delta1	0.00149895518191223	0.00281394457438004	0.00350850377945754
mactivos_margen_rank_delta1	0.00149737367336312	0.00170883387232611	0.00343439676893434
mactivos_margen_delta1	0.00149172295203503	0.00165291146477666	0.0032746035274937
mtransferencias_recibidas_lag1	0.00148958778500828	0.00141932748297736	0.00287627834593153
mpasivos_margen_delta1	0.00148592412143587	0.00230636827505669	0.00284385652882763
mtarjeta_visa_consumo_rank_delta1	0.00148227530285647	0.0023237418086852	0.00245479472358085
mcomisiones_mantenimiento_rank_lag1	0.00147770989605116	0.00169311725280927	0.00221626278345932
mactivos_margen_lag1	0.00147652543904366	0.00170280581965509	0.00293649029198162
mcomisiones_lag2	0.00147065337011558	0.00184815598576771	0.00192446642952423
mcomisiones_rank_delta1	0.00145019498156695	0.00150629219188283	0.00292722691566622
mrentabilidad_annual_lag2	0.0014451584757397	0.00209769733924057	0.00238763524529421
mcuenta_corriente_rank_lag1	0.00144445031642678	0.00161474947331088	0.00309859937750111
mcuentas_saldo_zscore	0.00143012537712106	0.00180539868019711	0.00302912405513562
mrentabilidad_rank_lag1	0.00142510042900979	0.00186405099950233	0.00290870016303542
mcomisiones_mantenimiento_rank_lag2	0.00139949878711286	0.00159719228078977	0.0016581443604565
mtarjeta_visa_consumo_delta1	0.0013946016774035	0.00178851415660087	0.00194067733807618
mrentabilidad_rank_delta1	0.00139275915391174	0.00174802628159977	0.00339965910775159
mrentabilidad_delta1	0.00138865761806703	0.00175930951133469	0.00324449755446865
ctransferencias_emitidas	0.00138411464086053	0.00169955271305283	0.00221394693938047
mcuentas_saldo_rank_lag2	0.00137814500670949	0.00123637996177359	0.00173688305913739
Master_mconsumospesos	0.00137770671253602	0.00147891680768448	0.00213752408477842
chomebanking_transacciones_lag2	0.00137286006163502	0.0022494093312935	0.00269332666370239
mextraccion_autoservicio_rank	0.00136320652380073	0.000827576645687734	0.00174614643545279
mactivos_margen_sd_3m	0.00134675426478351	0.00319228762025471	0.00274195938935823
mpagomiscuentas_rank_lag1	0.00134419977211797	0.00183107727392922	0.00132003112494442
Visa_mfinanciacion_limite_lag1	0.00134263056612956	0.00127291463513752	0.00275585445383133
mactivos_margen_vs_media	0.00132154609466592	0.00149879138200252	0.00267016822291389
mtransferencias_recibidas_rank_lag1	0.00131677199146055	0.00130506298064379	0.00268174744330814
mpayroll_delta1	0.00130371752911965	0.000595383960926485	0.000446957907218023
Visa_msaldopesos_delta1	0.00129895361941914	0.000938022515741229	0.00239921446568845
mautoservicio_rank_delta1	0.00129794913071115	0.00279791748133723	0.00211899733214762
ccaja_seguridad	0.00129661227209894	0.00815961858827051	0.00110465762561138
mcaja_ahorro_delta1	0.00127944561994127	0.00110900737958103	0.0024246887505558
Visa_mconsumospesos_lag1	0.00127281813300913	0.00121061873399005	0.00297817548540092
mcuenta_debitos_automaticos_rank_lag1	0.00126668806022061	0.000874200570337968	0.00124129242626352
mcomisiones_rank_lag2	0.00125776777346353	0.0016604924186595	0.00190825552097228
mcuentas_saldo_sd_3m	0.00124483358528178	0.00171817322759945	0.00261921965317919
Visa_msaldototal_delta1	0.00124430856272725	0.000968389302402205	0.0023922669334519
mcomisiones_delta1	0.00123893313461231	0.00110977346091187	0.00256827108344449
mcaja_ahorro_pct	0.00123805034564121	0.00139247362173552	0.00296659626500667
Master_mconsumototal	0.00123424165650437	0.00125670644439525	0.00170214539795465
mcuentas_saldo_vs_media	0.00123307864527963	0.00180092854440783	0.00293185860382392
thomebanking	0.00122789056827716	0.0094032970968093	0.00193141396176078
ctarjeta_visa_debitos_automaticos	0.00122199652399229	0.00164951375747745	0.00216994590188232
mpayroll_media_3m	0.00122170947319037	0.00139753951951072	0.000560434267081666
mcomisiones_otras_delta1	0.00121867275709586	0.00119744701559555	0.00261227212094264
Master_mlimitecompra_lag1	0.00120688443713001	0.00151535977610455	0.0024617422558174
mtransferencias_recibidas_delta1	0.00120475283449762	0.00133899967927163	0.0025219542018675
ctarjeta_visa_transacciones_lag1	0.00120405429105427	0.000794890378474331	0.00195457240254928
mcomisiones_lag1	0.00120330729121308	0.00171749433355232	0.002452478879502
Master_Fvencimiento_lag2	0.00120178988158094	0.0017973728257197	0.0025404809544983
tcallcenter	0.00119980597296363	0.00315910021291367	0.000940232696013043
ccallcenter_transacciones	0.00119884075633033	0.00394838847936776	0.00139876982362531
mcaja_ahorro_dolares_rank_delta1	0.00119692117703608	0.00111785121512283	0.00201710019267823
cextraccion_autoservicio	0.0011906076477107	0.00116159877756971	0.00131076774862902
mpayroll_pct	0.00118359839504664	0.00105434707110374	0.000551170890766267
Visa_fultimo_cierre	0.00117673223573085	0.00098444111807341	0.00265164147028309
mactivos_margen_cv	0.00117575812621712	0.00134943899586147	0.00231352823477101
mtransferencias_recibidas_rank_delta1	0.00116245888417087	0.00150537699219488	0.00281606639988143
Visa_status_delta1	0.00115047451618482	0.00110724157918808	0.000189899214465688
Visa_mconsumototal_lag1	0.00113872069831738	0.000945212531946416	0.00235984511634801
mactivos_margen_zscore	0.00113711261461471	0.00215522910096766	0.00279985549132948
mprestamos_personales_lag1	0.00113631597145426	0.00130128280183318	0.000954127760486142
mcaja_ahorro_sd_3m	0.00110759237393118	0.0012355274046016	0.00205878538609752
Master_fechaalta_lag2	0.00109677553861957	0.00137851309142092	0.00227647472950941
mcaja_ahorro_cv	0.00109555217665709	0.00137159961293238	0.00255669186305024
Visa_mpagominimo_lag2	0.00108902717257309	0.0018568015067005	0.00201478434859938
mcuenta_corriente_rank_delta1	0.0010846526505163	0.00208158441065488	0.00280448717948718
ctrx_quarter_lag2	0.00108119283416558	0.00224787866266117	0.0024246887505558
Visa_fechaalta_lag2	0.00107885237708895	0.00196774631140975	0.0025404809544983
mcuenta_corriente_lag2	0.00106246205726902	0.00213551598853487	0.00192678227360308
mcaja_ahorro_vs_media	0.00105799839695737	0.00121215744192312	0.00228805394990366
mcomisiones_otras_lag2	0.00104878335383685	0.00239818167832884	0.00188509708018379
mrentabilidad_annual_rank_lag2	0.00103990626924351	0.00175535570497135	0.00222784200385356
Visa_Fvencimiento_lag2	0.00102856142190322	0.0015493528921261	0.00261921965317919
matm_rank	0.00102266859790816	0.00115435501188036	0.00113244775455758
ctarjeta_debito	0.00102252988951348	0.00168544192607304	0.00222321031569586
Master_mpagominimo_lag1	0.00101212752948475	0.000877742700473516	0.00110928931376908
cpagomiscuentas	0.00100987685523004	0.0010271897796171	0.00153308878019861
mrentabilidad_lag2	0.00100978582622012	0.00143836244837769	0.00178551578479324
mtransferencias_emitidas_lag1	0.00100611111542525	0.00108817018792952	0.0017229879946643
mcaja_ahorro_dolares_rank_lag1	0.00100574828851971	0.000805610430291827	0.00191057136505113
mpayroll_zscore	0.000999901707036384	0.0052403583560181	0.00105370905587669
mtransferencias_recibidas_lag2	0.000974906629777744	0.000754678009598194	0.0016488809841411
mpasivos_margen_lag2	0.000974693334165922	0.00133992647547304	0.00190825552097228
mautoservicio_delta1	0.000971084603172806	0.00130434022616385	0.00154466800059286
mcaja_ahorro_dolares_lag1	0.000959567087686274	0.00108602202274157	0.00194762487031273
mcomisiones_mantenimiento_lag2	0.00095947695095998	0.00169061112530556	0.000912442567066845
ctarjeta_debito_transacciones_delta1	0.000955659893896606	0.000909227625807975	0.00129224099599822
ccomisiones_otras_lag2	0.000950030428506246	0.000981151016458894	0.00116718541574033
mtransferencias_recibidas_rank_lag2	0.000944313182501969	0.000696087656938516	0.001588669038091
mcaja_ahorro_zscore	0.000937804292834591	0.0014186558812163	0.00214215577293612
Visa_mconsumototal_delta1	0.000926366329344132	0.000746314575633894	0.00194299318215503
cliente_antiguedad_lag2	0.000924524888438533	0.00132864370817577	0.00225100044464206
mcaja_ahorro_lag2	0.000923126848216594	0.000954782501320227	0.0016766711130873
mautoservicio_lag1	0.000919193747721068	0.00062672528158354	0.001727619682822
mcomisiones_mantenimiento_lag1	0.00090908058445858	0.00240124507877687	0.00146824514599081
ctarjeta_visa	0.00089996063872569	0.000625758431166932	0.000352008299985179
mcuentas_saldo_lag2	0.000895333737567375	0.00111773030546256	0.00184804357492219
mcomisiones_mantenimiento_delta1	0.000881310302193723	0.00185207923567381	0.00106065658811324
Visa_mconsumospesos_lag2	0.000880834703412645	0.000879363935741631	0.00178783162887209
mpasivos_margen_rank_lag2	0.000878251256568064	0.00117098878755215	0.00188972876834149
cproductos_lag1	0.000875015641747884	0.00302374599239778	0.001634985919668
Master_mfinanciacion_limite_lag2	0.000873887662870592	0.00124108860867558	0.00192215058544538
mactivos_margen_rank_lag2	0.000868599255704462	0.00103769735911899	0.00182256929005484
mprestamos_personales_rank_delta1	0.000866433557559426	0.0066702275321673	0.0015747739736179
ctarjeta_debito_transacciones_lag1	0.00086497703854431	0.000491577841842913	0.00151919371572551
ctarjeta_visa_transacciones_delta1	0.000863388367650585	0.00473444370189933	0.00186888617163184
mpagomiscuentas_lag1	0.000862726401160579	0.00131842717981843	0.00129455684007707
mplazo_fijo_dolares_rank	0.000855513883560244	0.00177768504064146	0.00082907218022825
mttarjeta_visa_debitos_automaticos_rank_lag1	0.000851502006364171	0.000527001846680063	0.00166972358085075
mautoservicio_rank_lag1	0.000840328188976757	0.000610026195486265	0.00178319994071439
mtransferencias_emitidas_delta1	0.00083321179179113	0.00200125023953839	0.00161414332295835
mttarjeta_visa_debitos_automaticos_rank_delta1	0.000832962131121573	0.0007316447015313	0.00162340669927375
Master_cconsumos	0.000832882883123549	0.000623738788074461	0.00116023788350378
mtransferencias_emitidas_rank_lag1	0.00082919981197734	0.000812598859252316	0.00152614124796206
mactivos_margen_lag2	0.000823465808249416	0.00106619582651649	0.0016535126722988
mcaja_ahorro_rank_lag2	0.000822849814106489	0.00103195445261939	0.00178783162887209
Visa_cconsumos_lag2	0.000820800035760332	0.00137013115995049	0.00160024825848525
Master_mlimitecompra_lag2	0.000815944116113945	0.000918809974282043	0.00150529865125241
mttarjeta_visa_debitos_automaticos_lag1	0.000808101440050695	0.000684216277652883	0.0016674077367719
mactivos_margen_media_3m	0.000806279521516935	0.000807170268068438	0.00158172150585445
mrentabilidad_rank_lag2	0.000798167553074396	0.0012335454323918	0.0015933007262487
mcuenta_debitos_automaticos_rank_delta1	0.000797022267128914	0.00301267594642101	0.00132466281310212
matm	0.000778036995669826	0.000758534775198602	0.00121813398547503
mtarjeta_visa_consumo_rank_lag1	0.000769632212665268	0.000545178812372938	0.00132003112494442
mcuentas_saldo_media_3m	0.000765509561556548	0.000861152393941141	0.00151456202756781
mcaja_ahorro_dolares_lag2	0.000764212455106746	0.000879679318221162	0.00135013709796947
Visa_mlimitecompra_lag2	0.00076284501384989	0.00149802611883061	0.00154929968875056
mpayroll_sd_3m	0.000761979789788811	0.00183442496681764	0.000870757373647547
mtarjeta_visa_consumo_lag1	0.000751218562299367	0.000494375660789457	0.00152382540388321
mtransferencias_emitidas_rank_delta1	0.000751160736233471	0.0019534583396645	0.00173456721505854
mcaja_ahorro_dolares_rank_lag2	0.000749799428458993	0.000900516083007144	0.00139876982362531
mttarjeta_visa_debitos_automaticos_delta1	0.000742983205495225	0.000653219899913042	0.00129687268415592
mttarjeta_visa_debitos_automaticos_lag2	0.000731675262656953	0.000694125035965906	0.00126213502297317
mcuenta_debitos_automaticos_lag1	0.000730820922749023	0.00126561523464127	0.00141961242033496
ccajas_transacciones	0.000728311510604447	0.00151298416273544	0.000840651400622499
Visa_mpagado	0.00071744372054885	0.0018192701734774	0.0016627760486142
mcaja_ahorro_media_3m	0.000716648397318336	0.00101244630678339	0.00161414332295835
mcuenta_corriente_rank_lag2	0.00070390728053799	0.00125155165187424	0.00177393656439899
ctransferencias_recibidas_lag1	0.000694379241081162	0.000636520956104275	0.00137561138283682
Visa_mpagospesos_lag2	0.000693995224689651	0.00113647859508999	0.00176467318808359
ctarjeta_debito_transacciones_lag2	0.000691104867589879	0.000466088705260131	0.00109307840521713
Visa_mfinanciacion_limite_lag2	0.000673904874709539	0.00138086316400271	0.00160951163480065
catm_trx	0.000671372539858105	0.00111441267102161	0.000930969319697643
ccajas_consultas	0.000657763099934634	0.00740561086426467	0.00106991996442863
cplazo_fijo	0.000654182813609566	0.00451381722314468	0.000750333481547354
cprestamos_personales_lag1	0.000651986448547649	0.00107652376677614	0.000694753223654958
mautoservicio_lag2	0.000650442482857456	0.000839043605459518	0.00115097450718838
Visa_mconsumosdolares_lag1	0.000650348014811494	0.00283183162723645	0.00134550540981177
ctarjeta_visa_debitos_automaticos_lag1	0.000646390715375321	0.000849270343017356	0.00116950125981918
ctransferencias_recibidas_delta1	0.000634983614504424	0.00121826072964312	0.00125287164665777
ctarjeta_debito_lag1	0.000633354902338139	0.000851778177983172	0.00131076774862902
mextraccion_autoservicio_rank_delta1	0.000622324531333348	0.00101168566798801	0.00114634281903068
Visa_msaldototal_lag2	0.00062175645670905	0.000896048757415909	0.00132929450125982
ctarjeta_master_transacciones	0.000620643143300014	0.000677079833071221	0.000836019712464799
Visa_msaldopesos_lag2	0.00061947460288389	0.000988242142150536	0.00139876982362531
cmobile_app_trx	0.000618242015347172	0.00403486588570307	0.00158635319401215
ctarjeta_master	0.00061551733830864	0.000302326904131662	0.000451589595375723
Master_mconsumospesos_lag1	0.000613895914227802	0.000695816846334335	0.00100276048614199
tmobile_app_delta1	0.000612676106699424	0.00363023774132796	0.000706332444049207
mpagomiscuentas_rank_lag2	0.00061037693812587	0.000711376984063731	0.00082444049207055
mextraccion_autoservicio_rank_lag1	0.000607657540837115	0.000814563827985319	0.00098423373351119
mplazo_fijo_dolares	0.000607109779060583	0.00250455183633916	0.000870757373647547
Visa_madelantopesos	0.000605100501576652	7.44632405311929e-05	0.000104212983548244
cpayroll_trx_lag2	0.000602107646313327	0.000487657153129971	0.000222321031569587
ctarjeta_visa_transacciones_lag2	0.000596236518135149	0.000512840155986286	0.00117644879205573
cdescubierto_preacordado_delta1	0.000595358532883728	0.0064575092708655	0.000685489847339558
Visa_mconsumototal_lag2	0.000591587470300519	0.000717838198527363	0.00128529346376167
mttarjeta_visa_debitos_automaticos_rank_lag2	0.000578769528986308	0.000584506644734749	0.00117181710389803
Master_mpagospesos_lag1	0.000578717105148431	0.00093274226032767	0.00109307840521713
mpagomiscuentas_lag2	0.000564001802978187	0.00054791409551991	0.000717911664443456
mpagomiscuentas_rank_delta1	0.000562540131926676	0.000963921585517571	0.00114634281903068
cpagomiscuentas_lag1	0.000557061396736771	0.000652228220151665	0.000794334519045502
mtarjeta_visa_consumo_rank_lag2	0.00055687023970105	0.000574239212663424	0.00101433970653624
mpagomiscuentas_delta1	0.000550768853041971	0.000991182036173017	0.00100739217429969
ccomisiones_mantenimiento_lag1	0.000549656996801513	0.00464206118016452	0.00105602489995554
mautoservicio_rank_lag2	0.000549438898002531	0.000439574415544303	0.000970338669038091
cextraccion_autoservicio_lag1	0.000547304063024571	0.000433825248350327	0.000553486734845116
Master_msaldopesos_delta1	0.000528984798877467	0.000597491289312442	0.000880020749962947
Master_msaldopesos_lag1	0.000525813573501943	0.000579431427062225	0.00098886542166889
mextraccion_autoservicio_lag1	0.000522472812303101	0.000476826507569088	0.000842967244701349
mextraccion_autoservicio_rank_lag2	0.000519717123878569	0.000572476293612773	0.000622962057210612
Master_msaldototal_lag1	0.000518910496528788	0.000715115934778937	0.00098191788943234
mcuenta_debitos_automaticos_lag2	0.000502662680676534	0.000433436018134781	0.000782755298651252
internet	0.000496693001764308	0.00510657293745487	0.00108381502890173
mprestamos_personales_delta1	0.000490907511183313	0.00317766363419617	0.00110465762561138
Master_mpagado	0.000490630237722731	0.00107602789132333	0.000666963094708759
ccuenta_debitos_automaticos_lag1	0.000489716838041243	0.00021437798561152	0.000463168815769972
Master_status_delta1	0.000487254780920352	0.00149065379547365	0.000261690380910034
ccallcenter_transacciones_delta1	0.000487089944481446	0.00148264992457083	0.000736438417074255
Visa_mlimitecompra_delta1	0.000480910910801729	0.000271912735397288	0.000451589595375723
Visa_mconsumosdolares_lag2	0.000479508551560448	0.00199506638095034	0.000875389061805247
matm_delta1	0.000477563270210761	0.000574282290509432	0.000708648288128057
matm_rank_delta1	0.000472052829941491	0.000610278722017078	0.000859178153253298
cpagomiscuentas_lag2	0.000471293740980249	0.00043383061974153	0.000588224396027864
ctransferencias_emitidas_lag1	0.000463483430643855	0.000441920717480619	0.000849914776937898
ccomisiones_mantenimiento_lag2	0.000459847242458832	0.00084539628936314	0.000606751148658663
ctarjeta_visa_debitos_automaticos_lag2	0.000456283951868712	0.000388051177390424	0.000798966207203201
mtarjeta_visa_consumo_lag2	0.000445241889134392	0.000547149935083943	0.00098191788943234
ccomisiones_otras_delta1	0.000442150655206574	0.000892605197644761	0.00098423373351119
Master_fultimo_cierre_lag1	0.000440744716045518	0.000490663958323667	0.00114634281903068
matm_rank_lag1	0.000438674184769945	0.000420478728522886	0.000683174003260709
mextraccion_autoservicio_delta1	0.000431171812590954	0.000808727224502748	0.000930969319697643
Visa_mconsumosdolares_delta1	0.000429506691423272	0.00125570516015954	0.000866125685489847
cproductos_lag2	0.000422846588692656	0.00106703995309435	0.0008313880243071
active_quarter	0.000417870795322713	0.00132021226030431	0.000407588557877575
Master_mconsumospesos_delta1	0.000416004173790478	0.000340277454873523	0.000622962057210612
mtransferencias_emitidas_lag2	0.000415616606954973	0.000442962980806838	0.00081980880391285
Visa_msaldodolares	0.000413259617633163	0.00161006128038201	0.000856862309174448
tcallcenter_delta1	0.000399868821570604	0.000676121768970025	0.000354324144064028
Master_mconsumototal_delta1	0.000394389639368866	0.000301121969467873	0.000509485697346969
Master_mpagominimo_delta1	0.000393737370290591	0.000542603959519524	0.000792018674966652
ctarjeta_debito_lag2	0.000392877666495656	0.000507183262890202	0.000794334519045502
ctransferencias_recibidas_lag2	0.000391649343241832	0.00063125663700369	0.000863809841410998
Master_cconsumos_delta1	0.00039026948479124	0.000221369473774946	0.000370535052615977
Visa_cadelantosefectivo	0.0003822988163845	4.87732992905107e-05	6.94753223654958e-05
mtarjeta_master_consumo_delta1	0.000373529256587783	0.000513384302815678	0.000400641025641026
mextraccion_autoservicio_lag2	0.00037117160571096	0.000484407497024053	0.000560434267081666
ctransferencias_emitidas_delta1	0.000370309807943089	0.000573534884545365	0.000643804653920261
Master_mpagominimo_lag2	0.00036774920081567	0.000355139489607115	0.000599803616422114
mtransferencias_emitidas_rank_lag2	0.000357915384713663	0.000449431665417177	0.000745701793389655
mcuenta_debitos_automaticos_delta1	0.000357019015650546	0.00284806962742128	0.000873073217726397
Visa_fultimo_cierre_lag1	0.000355778343642299	0.000485265034293853	0.000937916851934193
minversion1_pesos	0.000354196561185939	0.00485227925450785	0.000768860234178153
mpayroll_rank_lag2	0.000353501334180389	0.00110323846985647	0.000558118423002816
mplazo_fijo_dolares_delta1	0.000351952567058083	0.00263631127997129	0.000514117385504669
Master_mpagospesos_delta1	0.000351474478691095	0.000582928771889661	0.000752649325626204
matm_other	0.000350668743639938	0.000431340926560572	0.000585908551949014
mpayroll_lag2	0.000349367355679287	0.00112851509855151	0.000578961019712465
cseguro_vivienda	0.000345955325876168	0.000604347603392604	0.000611382836816363
Master_msaldototal_delta1	0.000338691184364134	0.000411046209848478	0.000752649325626204
mplazo_fijo_dolares_rank_delta1	0.000333228489293878	0.00258626336021985	0.000560434267081666
internet_lag1	0.000332411730555878	0.00492920294793146	0.00082907218022825
matm_other_rank	0.00032292274049285	0.000408992346369665	0.000620646213131762
Master_mlimitecompra_delta1	0.000319132201176511	0.00217546953461368	0.000736438417074255
Master_mconsumospesos_lag2	0.000317795541799578	0.000818283071742071	0.000611382836816363
Master_mpagospesos_lag2	0.000316627832555459	0.000656391261767048	0.000690121535497258
cmobile_app_trx_lag1	0.000312106187848719	0.00149287228675703	0.000875389061805247
matm_lag1	0.000309538416629137	0.000255748867525484	0.000514117385504669
Master_mlimitecompra_pct1	0.000307161398739588	0.000973042136636657	0.00065306803023566
tcuentas	0.000306255524517331	0.00237852875393523	0.000541907514450867
mtarjeta_master_consumo_lag1	0.000304843794422964	0.000325586699932277	0.000414536090114125
Visa_status_lag1	0.000300455329309543	0.00654059871666443	0.000673910626945309
Master_msaldototal_lag2	0.000297231893589294	0.00097176844105104	0.000673910626945309
mcuenta_debitos_automaticos_rank_lag2	0.00029685040972983	0.000441479018377491	0.000650752186156811
mtarjeta_master_consumo_rank_lag2	0.000292843931326685	0.000512797611722185	0.000435378686823774
Master_mconsumototal_lag1	0.000289735702908953	0.000369414157376798	0.000613698680895213
mtarjeta_master_consumo_rank_lag1	0.000287654267529703	0.000374613806350179	0.000465484659848822
Master_cconsumos_lag1	0.000287397404179462	0.000230255248854679	0.000504854009189269
cextraccion_autoservicio_delta1	0.000284895596981221	0.000458717875932515	0.000484011412479621
limite_total_delta1	0.000282919717086463	0.000577174553453626	0.000602119460500963
Master_msaldopesos_lag2	0.000282456366474646	0.00117369386996315	0.000729490884837706
ccajas_otras	0.000279965581583212	0.00437027308950085	0.000555802578923966
mtarjeta_master_consumo_rank_delta1	0.000270599476723466	0.00065013686365081	0.000509485697346969
ccaja_seguridad_lag1	0.000270161200040459	0.00123298442437413	0.000277901289461983
Visa_mlimitecompra_pct1	0.000265621535041648	0.00103430473863395	0.000555802578923966
mprestamos_personales_rank_lag2	0.000263455770234847	0.000934435493581186	0.000539591670372017
mprestamos_prendarios	0.000254267784410653	0.00479918230544776	0.000606751148658663
matm_other_delta1	0.000251523472257298	0.000917361263830726	0.00049327478879502
Visa_mpagado_lag2	0.000248048250453725	0.000393190816185261	0.000486327256558471
minversion2	0.000245141422572902	0.0025225388113008	0.000463168815769972
thomebanking_lag1	0.000243249577047884	0.00046255290696322	0.000553486734845116
mtarjeta_master_consumo_lag2	0.000236047846263121	0.000634915550432753	0.000477063880243071
mttarjeta_master_debitos_automaticos	0.000235503281731233	0.000403011569055654	0.000440010374981473
Master_mfinanciacion_limite_delta1	0.000234577614934984	0.000309963528393528	0.000507169853268119
catm_trx_lag1	0.000230549393351206	0.000203920918530227	0.000396009337483326
ccallcenter_transacciones_lag1	0.000230534604774691	0.000461592530673757	0.000301059730250482
mprestamos_personales_lag2	0.000230298228696834	0.000610397141628443	0.000382114273010227
cmobile_app_trx_lag2	0.000229008960104532	0.000926627447238465	0.000650752186156811
Master_status_lag1	0.000227647613591529	0.0044309019384804	0.000465484659848822
Visa_fultimo_cierre_lag2	0.000226023602294696	0.000301620726262989	0.000382114273010227
ccajas_transacciones_lag1	0.000225133673194572	0.000132431543402966	0.000136634800652142
tmobile_app_lag1	0.000222642842941937	0.00276702052769284	0.000440010374981473
thomebanking_delta1	0.000221120426312238	0.00152698247064911	0.000553486734845116
Visa_mfinanciacion_limite_delta1	0.000220257320382234	0.000193540402666613	0.000405272713798725
catm_trx_other	0.000220222133875701	0.000766667595062428	0.000444642063139173
Master_fultimo_cierre_delta1	0.000215181902579818	0.000113881888533681	0.000507169853268119
ccajas_consultas_delta1	0.000212496698231293	0.00147666882710768	0.00033116570327553
ccajas_extracciones_delta1	0.000208185748952538	0.000144352225656863	9.49496072328442e-05
catm_trx_delta1	0.000205217237653699	0.000717999162402828	0.000402956869719876
mttarjeta_master_debitos_automaticos_rank_delta1	0.000205185204410645	0.0011575795540645	0.000396009337483326
ctarjeta_master_delta1	0.000202823196953485	0.000758237214354786	0.000108844671705943
Visa_mpagado_delta1	0.000200942031126203	0.00106893125195197	0.000590540240106714
ccaja_ahorro_lag1	0.00020080800256291	0.000387329952511957	0.000298743886171632
cpagomiscuentas_delta1	0.000199410199414747	0.000457883318256869	0.000363587520379428
Visa_msaldodolares_lag1	0.000194415333032362	0.000904354706822694	0.000421483622350674
ctarjeta_master_transacciones_lag1	0.000192578490393499	0.000191228890270673	0.000361271676300578
ctarjeta_visa_debitos_automaticos_delta1	0.00019231395927526	0.000185237156741493	0.00033348154735438
Visa_mpagado_lag1	0.0001919556226786	0.00041247407503327	0.000521064917741218
Master_fultimo_cierre_lag2	0.000191420773618922	0.000187912429709921	0.000384430117089077
Master_cconsumos_lag2	0.000189931498161607	0.000256747199274642	0.000347376611827479
Master_cadelantosefectivo	0.000186018142718814	8.04107934784222e-06	2.77901289461983e-05
ctransferencias_emitidas_lag2	0.00018500884740357	0.000188039528920316	0.000430746998666074
cseguro_accidentes_personales	0.000184901107126237	0.000204393921105269	0.000342744923669779
cextraccion_autoservicio_lag2	0.000182707635490921	0.00062622769866862	0.000437694530902623
Master_mconsumototal_lag2	0.000180850593182288	0.000685116608191675	0.000419167778271825
ccajas_consultas_lag1	0.000180079549444554	0.000168524375375255	0.000122739736179043
matm_other_rank_lag1	0.000180045941864822	0.000226709917227684	0.000289480509856232
Master_msaldodolares	0.000176815961838818	0.00164778882945862	0.00033579739143323
catm_trx_lag2	0.000176333508971284	0.000495747108580551	0.000312638950644731
foto_mes	0.000173360375255071	0.000140420829733642	0.00033579739143323
Visa_msaldodolares_delta1	0.000168952375461985	0.000916019589910078	0.000407588557877575
mttarjeta_master_debitos_automaticos_rank	0.000165809022804368	0.000462368927921473	0.000363587520379428
tiene_spike_saldo	0.000161595515520308	0.000108808378323262	0.000456221283533422
mcheques_emitidos	0.000159290633175487	0.00153611195037211	0.000319586482881281
Visa_Fvencimiento_delta1	0.000158592842422064	0.000802986345614404	0.000342744923669779
tcallcenter_lag1	0.000158299373617725	0.00060295210884354	0.000275585445383133
matm_rank_lag2	0.000158085713151244	0.000285201521662325	0.00032884985919668
ctarjeta_master_debitos_automaticos	0.000156653151030367	0.00120128990806636	0.000370535052615977
matm_other_rank_delta1	0.000156489450691538	0.000411386065951505	0.00033116570327553
cprestamos_personales_lag2	0.000153447574265419	0.00104302809138101	0.000347376611827479
Master_mconsumosdolares	0.000152283147693205	0.000491547071952906	0.000257058692752334
mprestamos_prendarios_rank	0.000150187875677642	0.00430400452876264	0.000474748036164221
minversion2_rank	0.000148698927964004	0.00317876146118504	0.000484011412479621
matm_lag2	0.000148111918698427	0.00027751854691875	0.00033348154735438
ccuenta_debitos_automaticos_lag2	0.000148021705635112	0.000291210151951913	0.000270953757225434
Visa_fultimo_cierre_delta1	0.000147809767199221	0.000125268668730813	0.000481695568400771
matm_other_lag1	0.000147769314773277	0.000241408747041799	0.00033579739143323
mttarjeta_master_debitos_automaticos_rank_lag1	0.000146929873604778	0.000388427886217204	0.000254742848673485
mtarjeta_visa_descuentos	0.000142381494170259	0.0019874784905027	0.000528012449977768
catm_trx_other_lag2	0.000139259092679807	0.00143620339811882	0.000294112198013932
ctarjeta_master_transacciones_delta1	0.000136469415987964	0.000693599351070518	0.000317270638802431
Visa_msaldodolares_lag2	0.000134717934413963	0.00079787523566556	0.000240847784200385
ctarjeta_master_transacciones_lag2	0.000132080975842703	0.000209317210222629	0.000273269601304283
mttarjeta_master_debitos_automaticos_delta1	0.000130579154083236	0.000456219823301671	0.000208425967096487
ccaja_ahorro_delta1	0.000128455470047988	0.00533690786787442	0.000567381799318216
cplazo_fijo_lag1	0.000121565543480479	0.000423990408917573	0.000150529865125241
ccajas_extracciones	0.000121119576198871	0.000622914119450169	0.000280217133540833
Visa_mpagosdolares_delta1	0.000120682872787515	0.000323433945939918	0.000194530902623388
thomebanking_lag2	0.000117141781105093	8.88069537997223e-05	0.000289480509856232
mplazo_fijo_dolares_rank_lag1	0.000116656038980479	0.000257537291791319	0.000215373499333037
Master_mpagosdolares	0.000114227153032767	0.000300214702364282	0.000215373499333037
matm_other_rank_lag2	0.000113535344287712	0.000170132982538223	0.000206110123017637
Visa_delinquency	0.00011323476280507	0.000132093359189916	0.000113476359863643
mcheques_emitidos_rank	0.000113173565684928	0.00102291429450772	0.000206110123017637
catm_trx_other_lag1	0.000113144441243883	0.000212755540891082	0.000206110123017637
cliente_estable_payroll	0.000108724568756478	0.000160402298293836	9.26337631539944e-05
mttarjeta_master_debitos_automaticos_lag1	0.000108179775543536	0.000559983113544126	0.000296428042092782
Visa_mpagosdolares_lag1	0.000108005689199746	0.000519107039919163	0.000277901289461983
minversion1_pesos_rank	0.000106519086168182	0.000971053121145684	0.00015747739736179
cliente_edad_delta1	0.000106300090180447	0.00123797771943777	0.000356639988142878
cliente_estable_caja	0.000105592469951797	9.61661866138798e-05	0.000264006224988884
mttarjeta_master_debitos_automaticos_rank_lag2	0.00010492609155999	0.00027927292865888	0.000231584407884986
ctarjeta_master_debitos_automaticos_lag1	0.000104119077034959	0.00101448295335265	0.000257058692752334
mttarjeta_master_debitos_automaticos_lag2	0.000102794203365044	0.000297802236271421	0.000231584407884986
cseguro_vivienda_lag1	0.000101921088840071	0.000257518865429443	0.000210741811175337
matm_other_lag2	9.97061054652502e-05	0.000169002998346391	0.000194530902623388
mplazo_fijo_dolares_lag1	9.50743794442009e-05	0.00030428966739278	0.000245479472358085
ccaja_seguridad_lag2	9.5012594368493e-05	0.000507679778641306	8.56862309174448e-05
cinversion2	9.48850741475025e-05	0.000847966553412148	0.000220005187490737
Master_Fvencimiento_delta1	9.44612105810712e-05	0.00138585026951623	0.000354324144064028
catm_trx_other_delta1	9.42594568748116e-05	0.000166948885862687	0.00016210908551949
ccajas_depositos_delta1	9.42364949494139e-05	0.00330421958706518	0.000414536090114125
cseguro_vida	9.33632749191483e-05	0.000116035069391566	0.000189899214465688
cprestamos_personales_delta1	9.25700854801253e-05	0.000579798602558923	0.000180635838150289
Master_mpagado_lag1	9.12275614279306e-05	0.000594894559600816	0.000213057655254187
Master_fechaalta_delta1	8.87379563627312e-05	7.52594158816172e-05	0.000187583370386839
mes	8.81458330717653e-05	0.00011101666040614	0.000257058692752334
cdescubierto_preacordado_lag1	8.80029927351876e-05	0.000103516099530718	0.000155161553282941
ccajas_otras_delta1	8.77525344945164e-05	0.00272697812244034	0.000340429079590929
mprestamos_hipotecarios_rank	8.77069902887719e-05	0.00207395447395292	0.000243163628279235
ccajas_extracciones_lag2	8.65966324079813e-05	0.000590672041388797	0.000104212983548244
ccuenta_debitos_automaticos_delta1	8.43216051435486e-05	0.00102661596563365	0.000245479472358085
mcajeros_propios_descuentos_rank_lag1	8.21001177765397e-05	5.89990052566603e-05	4.63168815769972e-05
ccajas_transacciones_delta1	8.12914617280512e-05	0.000163288442832156	0.000127371424336742
mforex_sell_rank_delta1	8.09954935125417e-05	0.000412217884573358	0.000111160515784793
tcuentas_lag1	7.93847091233804e-05	0.00115815073571054	0.000238531940121536
ccaja_ahorro_lag2	7.76534761804448e-05	6.65895991859621e-05	0.000101897139469394
Visa_mpagosdolares_lag2	7.44923527323613e-05	5.96912388514801e-05	0.000111160515784793
mprestamos_hipotecarios	7.31500125175335e-05	0.00208609083001388	0.000247795316436935
ccheques_emitidos	7.09114518410231e-05	0.00135558497013408	0.000182951682229139
mcaja_ahorro_adicional_delta1	7.06495881984035e-05	0.00328269119341054	0.000384430117089077
Master_delinquency	7.01182139207166e-05	4.65430692051654e-05	0.000106528827627094
cseguro_accidentes_personales_lag1	6.90415268913334e-05	6.29935772777439e-05	0.000134318956573292
mforex_sell_lag1	6.80702956838044e-05	9.76361691972473e-05	5.78961019712465e-05
cpayroll_trx_delta1	6.80060805137618e-05	0.000189207397427589	0.000111160515784793
Master_madelantopesos	6.786070887517e-05	2.94714717921165e-05	0.000113476359863643
mplazo_fijo_dolares_lag2	6.78095190599627e-05	0.000223505082002006	9.72654513116941e-05
mtarjeta_visa_descuentos_delta1	6.76458955681684e-05	0.000204405873339999	0.000138950644730992
Visa_Finiciomora	6.65815155546031e-05	0.00110797258640152	0.000222321031569587
ctarjeta_master_lag1	6.64613293577747e-05	3.07870001992915e-05	4.16851934192975e-05
cseguro_vivienda_lag2	6.52660031675195e-05	0.000384274377931904	0.000155161553282941
Master_msaldodolares_lag1	6.47860295956231e-05	0.000290928598565325	9.72654513116941e-05
cseguro_auto_lag1	6.35778433849097e-05	0.000719641278509594	0.000113476359863643
Master_mpagado_delta1	6.25266367800993e-05	0.000672857172570693	0.000178319994071439
mforex_sell_rank	6.18498802585398e-05	0.000533667102865169	0.000152845709204091
Visa_Finiciomora_lag1	6.17126693009952e-05	0.00191292521691763	0.000294112198013932
cseguro_vida_lag1	6.02120032921252e-05	0.000110016763483386	0.000101897139469394
ctarjeta_visa_descuentos_delta1	6.01895455675759e-05	0.000115349060919002	4.40010374981473e-05
ccheques_depositados_lag1	5.97607247449054e-05	0.000472406706339758	9.26337631539944e-05
active_quarter_lag1	5.93610558440075e-05	9.10736453154218e-05	9.26337631539944e-05
mcheques_depositados_lag1	5.84177671512331e-05	0.000863321546684128	0.000138950644730992
ccheques_depositados_delta1	5.83096448137852e-05	0.000890558057297984	0.000132003112494442
Master_Finiciomora_lag1	5.67201070321098e-05	0.00272192456819327	0.000284848821698533
mcheques_depositados	5.58883588622768e-05	0.000410620945068104	0.00015979324144064
mcheques_emitidos_lag1	5.52032889856283e-05	0.000990375971771238	0.000143582332888691
mes_cat	5.24305422294909e-05	5.7765043737097e-05	0.00016442492959834
minversion1_pesos_rank_delta1	5.05533499324043e-05	0.000241828747147351	5.55802578923966e-05
Visa_madelantodolares	4.8795596872371e-05	1.51427343891276e-05	6.25277901289462e-05
mcheques_depositados_rank	4.77265949814453e-05	0.000355071902565483	0.000125055580257892
mcheques_depositados_rank_lag1	4.75277399519257e-05	0.000452365369889529	9.26337631539944e-05
mtarjeta_visa_descuentos_rank	4.74925883513167e-05	0.000856019549422594	0.000173688305913739
ccajeros_propios_descuentos_lag1	4.58455750030241e-05	2.49863957094209e-05	2.54742848673485e-05
mcheques_emitidos_rank_delta1	4.48572261373195e-05	6.73331277881678e-05	3.70535052615977e-05
ctarjeta_master_debitos_automaticos_lag2	4.37779644847753e-05	9.86485875087666e-05	8.56862309174448e-05
Visa_fechaalta_delta1	4.37385383110005e-05	3.72574634159889e-05	0.000125055580257892
Visa_Finiciomora_lag2	4.3564131918738e-05	0.00205610893376893	0.000252427004594635
mcheques_depositados_lag2	4.35030518766953e-05	0.000216707284071047	4.40010374981473e-05
Master_madelantodolares	4.34054394924896e-05	1.45726199068986e-05	4.8632725655847e-05
mcajeros_propios_descuentos_lag1	4.24921010876238e-05	6.30828988890796e-05	2.54742848673485e-05
ccajas_extracciones_lag1	4.24260733445948e-05	0.000821966529938884	0.00017137246183489
mcaja_ahorro_adicional	4.23596195152856e-05	0.000201778267021985	8.56862309174448e-05
mtarjeta_master_descuentos	4.16418673284004e-05	0.000166120588881424	5.55802578923966e-05
mcheques_depositados_delta1	4.16316737485339e-05	0.000640655219868773	0.000115792203942493
ccallcenter_transacciones_lag2	4.13916994954175e-05	0.000493289608174687	0.00017137246183489
tcallcenter_lag2	4.1062875430077e-05	0.000529723612418708	0.00016210908551949
ctarjeta_master_lag2	4.05009214478182e-05	2.76676447952143e-05	3.47376611827479e-05
cseguro_accidentes_personales_lag2	4.03555489092025e-05	8.58779092760299e-05	8.56862309174448e-05
mcaja_ahorro_adicional_rank	3.90281917885396e-05	0.000314008185969673	0.000118108048021343
cprestamos_hipotecarios	3.81421895373755e-05	0.00111554411367066	0.000132003112494442
ctarjeta_master_debitos_automaticos_delta1	3.78133503516347e-05	0.000188130664710138	6.02119460500963e-05
Visa_delinquency_lag1	3.76959743892048e-05	0.000114495934592971	4.16851934192975e-05
mforex_sell_delta1	3.67722993156844e-05	0.000685518217507477	0.000132003112494442
internet_delta1	3.67168335772757e-05	0.000201117016749935	0.000129687268415592
cmobile_app_trx_delta1	3.66665196502568e-05	7.12769739559002e-05	6.25277901289462e-05
mforex_sell_rank_lag1	3.63218687109132e-05	7.58095744005012e-05	7.41070105231955e-05
ctarjeta_visa_delta1	3.60549920255775e-05	9.50617787814867e-05	2.31584407884986e-05
mcajeros_propios_descuentos	3.58037645945426e-05	0.000200592256729853	6.71594782866459e-05
cdescubierto_preacordado_lag2	3.57053890201321e-05	0.000132621889855478	8.56862309174448e-05
mcheques_depositados_rank_delta1	3.45990275901441e-05	0.000467829640736189	7.64228546020454e-05
cprestamos_prendarios	3.42386687899481e-05	0.000493920301989494	6.25277901289462e-05
mplazo_fijo_dolares_rank_lag2	3.36185309073194e-05	0.000222013862858716	9.72654513116941e-05
Master_mconsumosdolares_lag1	3.15531136121343e-05	0.000386554800288693	0.000113476359863643
mtarjeta_master_descuentos_rank	3.15128809270078e-05	2.229038419085e-05	1.15792203942493e-05
mforex_sell	3.03373242551341e-05	0.000110634473471775	5.09485697346969e-05
cforex_sell_delta1	3.0276389701943e-05	0.000185395737284438	4.40010374981473e-05
Master_mpagado_lag2	2.96951258584719e-05	9.32607975547585e-05	9.26337631539944e-05
ctarjeta_debito_delta1	2.88653956170618e-05	0.00175195465389218	0.000194530902623388
ccajeros_propios_descuentos_delta1	2.84163883099712e-05	3.69199550733553e-05	2.54742848673485e-05
minversion1_pesos_lag1	2.83831778282516e-05	0.000771261130560879	0.000118108048021343
minversion2_rank_lag2	2.80883724660277e-05	0.000386423539139418	6.94753223654958e-05
cseguro_auto	2.63102488817019e-05	0.000448257322782758	0.000113476359863643
Master_mpagosdolares_lag1	2.61899722849802e-05	0.000288600971995775	0.000101897139469394
minversion2_lag1	2.56161297454818e-05	0.00028340075386836	6.25277901289462e-05
Master_msaldodolares_delta1	2.5163510912779e-05	0.000144817509080308	4.8632725655847e-05
ccajas_otras_lag1	2.49923738870703e-05	0.000307592681689461	6.02119460500963e-05
cseguro_auto_lag2	2.45092235310711e-05	0.000741625208824834	0.000104212983548244
ccajas_depositos_lag2	2.42832635789715e-05	0.00103642885706394	0.000134318956573292
ctarjeta_visa_descuentos	2.35890590004894e-05	6.58532561534457e-05	3.47376611827479e-05
mcheques_depositados_rank_lag2	2.33993073369737e-05	0.000199370852171183	3.47376611827479e-05
cseguro_vida_lag2	2.33480336395457e-05	0.000155167646347315	7.64228546020454e-05
ccheques_depositados	2.33229019292049e-05	0.000236084346618416	6.48436342077961e-05
ccajas_transacciones_lag2	2.29309946837903e-05	9.80666630803156e-05	6.25277901289462e-05
mcheques_emitidos_rank_lag1	2.20548314331054e-05	0.000306717038206928	5.55802578923966e-05
ccajas_depositos	2.18018664310698e-05	4.46073407606994e-05	5.09485697346969e-05
minversion2_lag2	2.17125209157225e-05	0.000322893320751117	5.32644138135468e-05
internet_lag2	2.10438326727639e-05	3.93634756332402e-05	4.40010374981473e-05
mforex_sell_lag2	2.0834243389064e-05	0.000110732296821505	5.09485697346969e-05
ccajas_depositos_lag1	2.07541310831581e-05	0.000254687324106336	6.25277901289462e-05
mprestamos_prendarios_lag1	2.03091521327147e-05	0.000360442760186956	5.32644138135468e-05
cinversion1	1.91011236961783e-05	4.11552436790301e-05	2.08425967096487e-05
mtarjeta_visa_descuentos_rank_delta1	1.90279915700668e-05	0.000171855740657294	4.63168815769972e-05
Master_Finiciomora	1.85892737103806e-05	0.000141921760067652	4.40010374981473e-05
Master_mpagosdolares_delta1	1.83431102934113e-05	1.31947691329136e-05	3.93693493404476e-05
minversion2_rank_lag1	1.77598191162681e-05	0.000147787176973234	3.2421817103898e-05
mcaja_ahorro_adicional_rank_delta1	1.76264015641507e-05	0.000182061526232225	4.63168815769972e-05
mtarjeta_visa_descuentos_lag1	1.63144939825013e-05	9.7537349827956e-05	4.16851934192975e-05
ccajeros_propios_descuentos	1.60196155758436e-05	9.48463895514439e-05	4.40010374981473e-05
Master_mconsumosdolares_lag2	1.57445748043706e-05	4.69499076236625e-05	5.55802578923966e-05
Master_delinquency_lag1	1.57126266285695e-05	0.000164026244321886	3.93693493404476e-05
mprestamos_prendarios_rank_lag1	1.55618216511346e-05	0.000322347964469401	3.93693493404476e-05
mcaja_ahorro_adicional_rank_lag1	1.54042395692816e-05	0.000381119379256398	7.17911664443456e-05
ctarjeta_visa_descuentos_lag1	1.48482338744986e-05	2.34966350233442e-05	2.31584407884986e-05
tcuentas_lag2	1.47098865918707e-05	0.000275934697956296	5.55802578923966e-05
cforex_sell_lag2	1.44836485324085e-05	6.79927417423683e-05	2.54742848673485e-05
cplazo_fijo_delta1	1.44227722107591e-05	0.000208983187948459	4.16851934192975e-05
mcaja_ahorro_adicional_lag1	1.38672786445343e-05	0.000152778729002643	4.40010374981473e-05
cplazo_fijo_lag2	1.35036696332917e-05	6.65012024499329e-05	3.47376611827479e-05
Visa_madelantopesos_delta1	1.34053276147695e-05	1.14268344123307e-06	6.94753223654958e-06
Visa_delinquency_delta1	1.33421218514501e-05	2.72290760392774e-05	2.54742848673485e-05
mtarjeta_master_descuentos_delta1	1.31679751310622e-05	7.39939374573771e-06	2.54742848673485e-05
ccheques_depositados_lag2	1.30734446684477e-05	6.26394211795925e-05	1.38950644730992e-05
ctarjeta_master_descuentos_delta1	1.243598578226e-05	9.68237729568314e-06	1.15792203942493e-05
mcajeros_propios_descuentos_rank_delta1	1.20163480977054e-05	3.64218030044007e-05	1.85267526307989e-05
cforex	1.17597579646975e-05	3.33169254560837e-05	2.77901289461983e-05
Master_delinquency_delta1	1.11470844296812e-05	3.51168039468695e-06	1.38950644730992e-05
mcheques_emitidos_rank_lag2	1.07772080575155e-05	2.37692953781383e-06	1.38950644730992e-05
Visa_delinquency_lag2	1.06531574433798e-05	0.000100480765491027	3.2421817103898e-05
mcheques_emitidos_delta1	1.0433647962051e-05	1.66556881021222e-05	1.85267526307989e-05
tmobile_app_lag2	1.03776435893824e-05	0.000328506958140557	5.09485697346969e-05
mcheques_emitidos_lag2	1.02358392852327e-05	5.34485439650823e-06	1.38950644730992e-05
minversion1_pesos_lag2	1.0164005173485e-05	3.99221358905189e-05	1.15792203942493e-05
minversion1_pesos_rank_lag1	9.84252227999594e-06	0.000236625149667853	4.16851934192975e-05
ccheques_emitidos_lag1	9.59046453947934e-06	8.89833915505089e-05	1.85267526307989e-05
mprestamos_prendarios_rank_delta1	9.34956938198273e-06	9.85506930147818e-05	1.38950644730992e-05
mforex_sell_rank_lag2	9.19254709994993e-06	0.000225891189148631	4.8632725655847e-05
mcajeros_propios_descuentos_delta1	9.11645919058655e-06	1.92809110876155e-05	1.15792203942493e-05
mcajeros_propios_descuentos_rank	9.0733035130763e-06	0.000101228064738713	3.70535052615977e-05
ccajas_consultas_lag2	9.04391658008197e-06	4.40303608579257e-05	2.77901289461983e-05
Visa_cancelada	8.54946241982411e-06	1.05077573625178e-05	9.26337631539944e-06
Master_mpagosdolares_lag2	8.45041746769234e-06	8.96705739032699e-06	2.31584407884986e-05
mprestamos_prendarios_lag2	8.3411560900893e-06	0.000252728651639842	3.01059730250482e-05
cprestamos_prendarios_lag1	8.24144825540827e-06	5.64897829778838e-05	1.38950644730992e-05
minversion2_delta1	8.10796795662967e-06	0.000236680179748592	3.70535052615977e-05
cforex_sell	7.95030023750947e-06	6.466301277818e-05	3.2421817103898e-05
cforex_sell_lag1	7.8591065982346e-06	3.33742321529622e-05	1.85267526307989e-05
mprestamos_prendarios_rank_lag2	7.5247629867688e-06	0.000333077691905489	3.93693493404476e-05
ctarjeta_visa_lag2	7.22951216525172e-06	2.59149705171894e-05	2.54742848673485e-05
mcheques_emitidos_rechazados_lag1	6.75164754418795e-06	6.83696284297843e-07	4.63168815769972e-06
ccajas_otras_lag2	6.74726400813752e-06	5.38302684617941e-05	1.38950644730992e-05
Master_cancelada	6.57494178605168e-06	3.67111466868398e-06	6.94753223654958e-06
mtarjeta_visa_descuentos_lag2	6.39417920051432e-06	2.64078579113221e-05	1.85267526307989e-05
minversion2_rank_delta1	6.36575224793467e-06	0.000114235404333543	2.31584407884986e-05
Master_mconsumosdolares_delta1	6.33513931748309e-06	3.054439829196e-05	1.6210908551949e-05
mtarjeta_visa_descuentos_rank_lag1	6.23251158050011e-06	1.06518956218297e-05	1.85267526307989e-05
Master_madelantopesos_lag2	6.03373396803007e-06	2.31094324190476e-06	1.6210908551949e-05
mcaja_ahorro_adicional_lag2	6.00315519348274e-06	0.000178930787747452	3.47376611827479e-05
mforex_buy	5.90954445021707e-06	5.44804913744205e-06	2.31584407884986e-06
Visa_cadelantosefectivo_lag1	5.75460582834742e-06	3.16243325008569e-06	1.38950644730992e-05
mprestamos_hipotecarios_delta1	5.56516779313483e-06	1.21930580316739e-06	1.38950644730992e-05
cinversion1_lag1	5.55477224792152e-06	5.97038313844999e-05	2.31584407884986e-05
cforex_delta1	5.45504633776196e-06	6.96405493894822e-05	2.08425967096487e-05
cforex_lag1	5.3623317932224e-06	5.69787574380273e-05	2.31584407884986e-05
cinversion2_lag2	5.32760980398695e-06	1.32765494532882e-05	6.94753223654958e-06
ccheques_emitidos_delta1	5.24583900917396e-06	3.57428733851443e-06	9.26337631539944e-06
ctarjeta_visa_lag1	5.20728501848949e-06	1.792170010827e-05	1.85267526307989e-05
mcajeros_propios_descuentos_lag2	5.12640860735456e-06	9.56011589458368e-06	1.15792203942493e-05
active_quarter_lag2	5.09720131911618e-06	3.48859052693784e-05	1.85267526307989e-05
Visa_madelantopesos_lag1	4.81960428496827e-06	4.63515488724568e-06	1.38950644730992e-05
minversion1_pesos_rank_lag2	4.7502299683416e-06	4.5749312759389e-07	6.94753223654958e-06
Master_msaldodolares_lag2	4.34391071638128e-06	2.06314068958032e-05	9.26337631539944e-06
mprestamos_hipotecarios_rank_lag1	4.2945659950213e-06	3.70269560318968e-05	1.15792203942493e-05
Visa_madelantodolares_lag1	4.10181353206203e-06	7.1428831366809e-07	6.94753223654958e-06
cpagodeservicios_lag2	4.09546734405204e-06	4.92236424205425e-06	4.63168815769972e-06
Master_madelantopesos_delta1	4.06198621766739e-06	5.91422186406657e-07	4.63168815769972e-06
cforex_buy	3.85466716907001e-06	4.67143845696388e-06	2.31584407884986e-06
Visa_madelantodolares_lag2	3.69930037586489e-06	3.18310065597419e-06	9.26337631539944e-06
ctarjeta_master_descuentos	3.51755964443194e-06	4.42723580390952e-06	4.63168815769972e-06
Master_status_lag2	3.34182648204432e-06	3.20814343350518e-06	1.15792203942493e-05
cprestamos_prendarios_lag2	3.11584614440502e-06	6.21921016803706e-05	9.26337631539944e-06
Visa_madelantopesos_lag2	3.11319774929099e-06	4.76417499250833e-06	1.15792203942493e-05
mcaja_ahorro_adicional_rank_lag2	3.02334114041288e-06	8.72060302162247e-05	1.85267526307989e-05
mpagodeservicios_lag1	3.0210120587524e-06	1.53938380348539e-06	2.31584407884986e-06
mprestamos_prendarios_delta1	2.87011977900625e-06	0.000235215532984301	3.01059730250482e-05
mtarjeta_master_descuentos_lag1	2.86571720745187e-06	9.36222815111079e-07	4.63168815769972e-06
mforex_buy_rank	2.85516838818076e-06	4.08915830724112e-06	2.31584407884986e-06
mplazo_fijo_pesos_delta1	2.73212577073099e-06	2.20049178702729e-07	2.31584407884986e-06
mpayroll2_rank_lag1	2.72418684055449e-06	3.76637682525784e-07	2.31584407884986e-06
Master_madelantopesos_lag1	2.68086668368979e-06	1.30951671768244e-06	9.26337631539944e-06
Master_madelantodolares_delta1	2.66639571058295e-06	4.67062029803886e-07	2.31584407884986e-06
cinversion2_lag1	2.60228738836906e-06	9.46645448373268e-07	9.26337631539944e-06
ctarjeta_visa_descuentos_lag2	2.59300196254523e-06	3.19654692004623e-06	6.94753223654958e-06
Master_cadelantosefectivo_delta1	2.59135760401222e-06	2.67562868969984e-06	4.63168815769972e-06
minversion1_pesos_delta1	2.54052251819609e-06	9.15748210151862e-05	1.6210908551949e-05
Master_Finiciomora_lag2	2.45077412968302e-06	0.000362187217303603	3.70535052615977e-05
ctarjeta_master_descuentos_lag1	2.43764829468758e-06	4.43904575013152e-07	2.31584407884986e-06
Master_delinquency_lag2	2.32467202373587e-06	7.49575863825398e-07	4.63168815769972e-06
mtarjeta_master_descuentos_lag2	2.26933705878923e-06	4.08428492581818e-06	9.26337631539944e-06
cliente_vip_lag1	2.18757835429632e-06	2.95533232567455e-07	4.63168815769972e-06
mplazo_fijo_pesos_rank_lag1	2.06428166012008e-06	5.88362983469632e-07	4.63168815769972e-06
active_quarter_delta1	1.98860261658108e-06	6.81364531361541e-05	1.38950644730992e-05
mprestamos_hipotecarios_lag1	1.64862431594162e-06	1.67825738797544e-05	4.63168815769972e-06
mcajeros_propios_descuentos_rank_lag2	1.62336234215212e-06	1.93747859312295e-05	6.94753223654958e-06
mplazo_fijo_pesos_rank_delta1	1.51493012650045e-06	1.16121651949109e-06	4.63168815769972e-06
mtarjeta_master_descuentos_rank_lag1	1.50392205507102e-06	2.22788232495182e-07	2.31584407884986e-06
Master_reduccion_fuerte	1.38417649490807e-06	1.39819803072898e-06	6.94753223654958e-06
minversion1_dolares_rank_lag1	1.35107160848405e-06	1.15307050236809e-06	2.31584407884986e-06
ccajeros_propios_descuentos_lag2	1.33872256155343e-06	4.11007471801985e-06	2.31584407884986e-06
Master_cadelantosefectivo_lag2	1.33129574493471e-06	4.15909310926659e-07	4.63168815769972e-06
ccheques_emitidos_lag2	1.31103986867742e-06	3.82471511382436e-07	2.31584407884986e-06
mcheques_depositados_rechazados_rank_delta1	1.15193761657917e-06	2.65101277769494e-06	2.31584407884986e-06
mforex_buy_rank_delta1	1.13272609797038e-06	1.13202247471881e-05	4.63168815769972e-06
Master_madelantodolares_lag1	1.07182769573642e-06	6.93300758635014e-07	6.94753223654958e-06
Visa_status_lag2	1.02174865993608e-06	2.05532549324004e-05	4.63168815769972e-06
Master_cadelantosefectivo_lag1	1.01028601647224e-06	1.10725360256706e-06	4.63168815769972e-06
mprestamos_hipotecarios_rank_delta1	1.00099078038868e-06	3.16449643346182e-07	4.63168815769972e-06
cinversion1_lag2	9.41280289603681e-07	9.28788240531566e-07	4.63168815769972e-06
mpagodeservicios_delta1	9.30885944422138e-07	3.59456345100401e-07	2.31584407884986e-06
cforex_lag2	9.02995226038836e-07	1.43973204641817e-05	4.63168815769972e-06
mtarjeta_visa_descuentos_rank_lag2	7.99040643928741e-07	3.22173198608592e-06	4.63168815769972e-06
cseguro_vivienda_delta1	7.09480082888243e-07	1.65908401142827e-07	2.31584407884986e-06
Visa_cadelantosefectivo_lag2	6.80656159799132e-07	4.05632523385886e-06	4.63168815769972e-06
minversion1_dolares_lag1	6.56631163757576e-07	3.70092411125638e-07	2.31584407884986e-06
ctarjeta_master_descuentos_lag2	6.41153634002998e-07	3.68705098165824e-06	4.63168815769972e-06
minversion1_dolares_rank_delta1	6.01281618424934e-07	3.20860587115845e-07	2.31584407884986e-06
Visa_madelantodolares_delta1	5.9312302243297e-07	2.98841440394703e-07	2.31584407884986e-06
Visa_reduccion_fuerte	5.53011420512058e-07	1.07648371256094e-06	2.31584407884986e-06
cprestamos_hipotecarios_delta1	5.01874256698673e-07	1.80315112648583e-07	2.31584407884986e-06
mcheques_depositados_rechazados_delta1	4.61245741092907e-07	3.29433469764949e-07	2.31584407884986e-06
mtarjeta_master_descuentos_rank_lag2	4.09900341766661e-07	1.68789743443979e-07	2.31584407884986e-06
mpagodeservicios_lag2	3.80156294318031e-07	3.66357337772294e-07	2.31584407884986e-06
mpagodeservicios_rank_lag2	3.01775199244489e-07	3.82827232654183e-07	2.31584407884986e-06
