Feature	Gain	Cover	Frequency
ctrx_quarter	0.0761018431911764	0.00998190298326811	0.0121360181506157
mpasivos_margen	0.0298796176771455	0.0057531781431996	0.0112349896312053
ctrx_quarter_lag1	0.0254265677275277	0.00651153708569756	0.00570806211523412
mprestamos_personales	0.0241575761364055	0.0112040299627914	0.00315127757948442
mpayroll	0.0186363944154094	0.00376784872313299	0.00104268506498784
mcuentas_saldo_base	0.0185408406134855	0.00345970072355252	0.00628629948980421
cpayroll_trx	0.0166279810485236	0.0038924315300614	0.000696671535626621
mcaja_ahorro	0.0161375133978792	0.00362133006634664	0.0089081067022124
mcaja_ahorro_base	0.0125178783883036	0.00226953052636347	0.00571270659213829
mtarjeta_visa_consumo	0.0125013106412777	0.00235228115069581	0.00379918210761717
numero_de_cliente	0.0121685315017204	0.0112284168747267	0.0209976800837864
ctarjeta_visa_transacciones	0.0116964829533408	0.00300297827938357	0.00434258590540594
mrentabilidad_annual	0.0116631778853301	0.0114212588744021	0.01627656931069
cliente_edad	0.0116592894552375	0.0123471827950095	0.0192676124369803
mactivos_margen	0.0108058581966602	0.00849111372192675	0.0108796871480357
mpayroll_base	0.0107960199304121	0.00253715167820954	0.000673449151105734
mcuentas_saldo	0.0106399422505595	0.00531856439260549	0.0110027657859964
Master_fechaalta	0.0105899203319304	0.00786912279024345	0.01360831732924
mcaja_ahorro_normal	0.0105670707413292	0.00126812710401605	0.00311179952579891
Visa_msaldototal	0.0103643609572919	0.00461293505134236	0.00542939350098347
Visa_Fvencimiento	0.0096456827533358	0.00757272822797892	0.015127061276906
Master_Fvencimiento	0.0093546483486948	0.00863994668957931	0.0143537558723605
Visa_fechaalta	0.00857701272313355	0.00535583084094776	0.0122080075426305
mcuenta_corriente	0.00848543418014215	0.0118378789936005	0.0131322584465618
cliente_antiguedad	0.00819298116987287	0.00884635417696851	0.0147438919323114
Visa_msaldopesos	0.00760267885237269	0.00376049114639914	0.00612838727506218
cliente_edad_lag1	0.00712100429849396	0.00755906104850044	0.0106010185337851
mrentabilidad	0.00686833835917919	0.00737981714246969	0.0115275916761685
chomebanking_transacciones	0.0067066913917246	0.00440337634600494	0.0102480382890676
mcomisiones_otras	0.00664799979209828	0.00378699879973365	0.00814641248992729
mrentabilidad_annual_delta1	0.0066101028915659	0.00878911352905111	0.00876180567973081
limite_total	0.00627631217458826	0.004309599428899	0.00970463449127883
mrentabilidad_annual_lag1	0.00623293391545152	0.00683846429362694	0.00806048966720001
Master_mfinanciacion_limite	0.00604978718074189	0.00456296029615508	0.0101946268046696
Visa_mfinanciacion_limite	0.0058463213906744	0.00434269380310775	0.010048325782188
Master_mlimitecompra	0.00563764507936967	0.00429016119334855	0.00658819048857575
Visa_mpagominimo	0.00559655698545577	0.00429930183025652	0.00671823584189272
Visa_status	0.00544300473791764	0.00976411512206552	0.000947473288452205
cdescubierto_preacordado	0.00537171175510248	0.00620596411529816	0.00141424321732204
mcomisiones	0.00517701257045025	0.00332320661494963	0.00885933969471853
mtransferencias_recibidas	0.00501698891056585	0.00427151524963605	0.00656496810405486
cliente_antiguedad_lag1	0.00497183010569365	0.00493171884731994	0.00774930971462012
mcomisiones_mantenimiento	0.00476583720095354	0.00542390892550429	0.00469092167321925
Visa_Fvencimiento_lag1	0.00476529966446978	0.00431762462013894	0.00702012684066425
Visa_mconsumospesos	0.0046862754487053	0.00305834108394551	0.00697368207162248
Visa_mpagospesos	0.00467667712897831	0.00306282456086074	0.00653013452727353
Master_fechaalta_lag1	0.00461731209855931	0.00344291893516112	0.0061446429442268
mcuentas_saldo_pct	0.00460774626151509	0.00335448667894355	0.00700387117149963
mcuentas_saldo_ratio	0.00460462759549041	0.00382495765600275	0.00746599662346529
mrentabilidad_annual_lag2	0.00457148626602531	0.00353019242179058	0.00510660235614313
Master_Fvencimiento_lag1	0.00453615093122994	0.00438679083886097	0.00705496041744558
mactivos_margen_pct	0.00446776907334183	0.00401327382333587	0.00820214621277742
Visa_mlimitecompra	0.00445661370913285	0.00383650674129626	0.00699458221769128
mcuenta_corriente_lag1	0.00442694744779352	0.00516430741220498	0.00608890922137667
mactivos_margen_ratio	0.00438503086292385	0.00337898787305258	0.00774002076081176
cliente_edad_lag2	0.00436900688503503	0.00617872964025232	0.00710837190184363
ctrx_quarter_delta1	0.00433072208425973	0.00374111224718633	0.00654406795798606
ccomisiones_otras	0.00431794520894626	0.00389166590406398	0.00691098163341608
mcaja_ahorro_dolares	0.00420775127408789	0.00367758956629162	0.00613767622887053
mpasivos_margen_lag1	0.00410208287783782	0.00272918827910847	0.00572664002285083
Visa_fechaalta_lag1	0.00405887210660337	0.00315959754333675	0.00591009686056584
cproductos	0.00402982222342688	0.00874524770485944	0.00615160965958307
ccomisiones_mantenimiento_delta1	0.00402380424791265	0.00122367288804545	0.00062468214361187
mactivos_margen_lag1	0.00393713076334598	0.00516539302828868	0.00539688216265423
mactivos_margen_delta1	0.00380861289012431	0.00444523919754593	0.00594725267579926
ctarjeta_master	0.00379933107399663	0.000128673269385367	0.000236868322113051
chomebanking_transacciones_lag1	0.00376851961766534	0.00168496494044019	0.00520181413267877
Visa_cconsumos	0.00376092830172013	0.00204916247068383	0.005443326931696
mcuentas_saldo_lag1	0.00374186580206753	0.00280075758722145	0.00466305481179419
mcuentas_saldo_delta1	0.00371740105419609	0.0034030320675993	0.00536669306277707
mrentabilidad_delta1	0.00368559986625173	0.00321123313488191	0.00625378815147497
chomebanking_transacciones_delta1	0.00368110485448756	0.00416145557629708	0.00474665539606938
mrentabilidad_lag1	0.00368063744360518	0.00317895655616002	0.00559195019262968
mcaja_ahorro_ratio	0.00366136940374138	0.00176260624768248	0.00527612576314561
Visa_mconsumototal	0.00363921646454224	0.00190926972645502	0.0045980321351357
mcuenta_corriente_delta1	0.00363078434787039	0.00535649419408467	0.00634667768955852
mprestamos_personales_lag1	0.00356482827681901	0.00351662551362042	0.00127258667174463
mactivos_margen_lag2	0.00354355925657051	0.00315005808101252	0.00349496887039355
mcomisiones_otras_lag1	0.00348022662168576	0.00219295049374755	0.00464215466572539
mautoservicio	0.00346647753374079	0.00170707576469962	0.00326274502518468
mcuentas_saldo_normal	0.00343449234860097	0.00185243384404427	0.00334866784791196
mpayroll_normal	0.00332741799823876	0.00124391962154999	0.000369235913882109
mcaja_ahorro_dolares_delta1	0.00328132588229959	0.00620731477563212	0.00340440157076209
limite_total_lag1	0.00322997317277152	0.00230507667287784	0.00417306249840346
mcuenta_corriente_lag2	0.00315848157516259	0.00681107040463375	0.00470485510393178
mcaja_ahorro_pct	0.00309772323548577	0.00216839893800267	0.00481864478808413
cliente_antiguedad_lag2	0.0030687642498148	0.00428340789167879	0.00533185948599574
Visa_mconsumospesos_lag1	0.00305432616789638	0.00138350567632968	0.00344620186289969
mcaja_ahorro_lag1	0.00304740700979959	0.00236820136771688	0.00443083096658531
Master_mfinanciacion_limite_lag1	0.00296943749059264	0.0026527650132257	0.00404998386044276
mttarjeta_visa_debitos_automaticos	0.0029490098265624	0.0017666037993779	0.00409178415258036
mcuenta_debitos_automaticos	0.00294849680095873	0.00307261667072486	0.00294459835724852
Visa_Fvencimiento_lag2	0.00290990518038731	0.00323393351311186	0.00442618648968113
Master_msaldototal	0.00288978675806446	0.00172656468471692	0.00190191329226068
mcomisiones_otras_lag2	0.00285883610153351	0.00282384045561912	0.00320701130233455
mpasivos_margen_delta1	0.00265717758666981	0.0036146709021962	0.00482793374189249
mcomisiones_lag1	0.00265631909540528	0.00184901525746261	0.00456319855835437
Visa_mpagominimo_lag1	0.00263604932709797	0.00172944659704571	0.00305374356449669
Master_Fvencimiento_lag2	0.00256137174117823	0.00247639701486716	0.00367842570810856
Visa_mpagospesos_delta1	0.00256131970294786	0.00290532015887428	0.0036087585545459
Master_fultimo_cierre	0.00255243715082567	0.00260270309366867	0.00426362979803492
chomebanking_transacciones_lag2	0.00254512189403438	0.00174343337921328	0.00366217003894394
mcomisiones_delta1	0.00254119368812558	0.0023733569787722	0.00395477208390712
mtransferencias_recibidas_lag1	0.0025295259074777	0.00204365613603111	0.00316056653329277
mpayroll_lag1	0.00246672790919804	0.000769962198833115	0.000601459759090983
Visa_cconsumos_lag1	0.00242471736399902	0.0011585499338883	0.00261716273550401
ctarjeta_debito	0.00241823672421806	0.00552216189441248	0.0041033953448408
Visa_mfinanciacion_limite_lag1	0.00241329688283919	0.00210987523056253	0.00378757091535673
mcomisiones_mantenimiento_delta1	0.0023970815899708	0.00547327985759089	0.00193674686904201
mcomisiones_lag2	0.00239218882964927	0.00248051762973943	0.00351586901646235
mcuentas_saldo_lag2	0.00235794375432017	0.00309419094986382	0.00356231378550412
ctransferencias_recibidas	0.0023548312725701	0.00191898603560055	0.00366449227739603
Visa_fultimo_cierre	0.00234141100085782	0.00199955845461589	0.00413590668317004
mpasivos_margen_lag2	0.0023265702186596	0.00215420547942949	0.00363662541597096
Master_fechaalta_lag2	0.00231863740977077	0.0024480456091307	0.00356231378550412
mtransferencias_emitidas	0.00228798909460155	0.00286748210596503	0.00318843339471784
Visa_mpagospesos_lag1	0.00226005948274001	0.00120818565196035	0.00327435621744512
Master_status	0.00225796138764455	0.00732416230498598	0.000761694212285106
ctrx_quarter_lag2	0.00225268558982357	0.00373782995985247	0.0037527373385754
mcaja_ahorro_dolares_lag1	0.00225264157416868	0.00192610497565987	0.00303516565687998
Master_msaldopesos	0.00222849003057774	0.00211186716239306	0.00198551387653587
ccomisiones_otras_lag1	0.00221449253292798	0.00233309756423745	0.00349032439348937
Visa_fechaalta_lag2	0.00220681869771309	0.00330055149762575	0.00324881159447214
mrentabilidad_lag2	0.00219446406712711	0.00364034442479529	0.00406391729115529
Visa_mconsumospesos_delta1	0.0021883528602335	0.00113185994560551	0.00292137597272763
cproductos_delta1	0.00218101559307637	0.00542357001752145	0.000868517181081188
mcomisiones_mantenimiento_lag1	0.00215604259941251	0.00312805772952097	0.00254981782039343
cprestamos_personales	0.00213201613198035	0.00770841235360512	0.00179741256191668
mcaja_ahorro_delta1	0.00212891439785397	0.00125487876547578	0.00311876624115517
mtransferencias_recibidas_delta1	0.00209984623876436	0.00146485250234562	0.00299568760319447
cextraccion_autoservicio	0.0020742184769525	0.00134506857821854	0.00114021907997557
mextraccion_autoservicio	0.00207186019017529	0.00113108786298811	0.00152803290147439
Visa_mpagominimo_delta1	0.00202641812541551	0.00228309033225166	0.00296549850331732
ccomisiones_mantenimiento	0.00201904405818432	0.0122266067727431	0.00190191329226068
mcaja_ahorro_lag2	0.00201567416149142	0.00230057660244926	0.00326738950208885
thomebanking	0.00201128856146246	0.00337711119188872	0.00244996156695362
Visa_mfinanciacion_limite_lag2	0.0019983896564197	0.00253650943821997	0.00273327465810844
mcomisiones_otras_delta1	0.00199178344992701	0.00139284388580908	0.00339511261695373
ctarjeta_debito_transacciones	0.00194720427691612	0.00213521107193658	0.00252427319742046
ccallcenter_transacciones	0.00192954196236775	0.00298142795430474	0.00166040049324345
Visa_mlimitecompra_lag1	0.00189605173608687	0.00156125810314468	0.00268450765061458
mpagomiscuentas	0.00187217210000473	0.00248033432629815	0.0019994473072484
internet	0.00184445042095929	0.00444251592437008	0.0015466108090911
Visa_msaldototal_lag1	0.00184405002142873	0.00164333155717335	0.00215271504508626
ccaja_ahorro	0.00183939183697236	0.00198511163827463	0.0014630102248159
Master_mpagominimo	0.00175266308810353	0.00268167737010617	0.00179509032346459
tcallcenter	0.00173555600414904	0.000609190747135957	0.000682738104914089
Visa_mpagominimo_lag2	0.0017313083982351	0.00190593313894712	0.00199015835344005
Visa_msaldopesos_lag1	0.00172113959083226	0.00230401158884568	0.00239422784410349
Visa_mconsumosdolares	0.00170555049107522	0.0015199535555335	0.00229204935221158
cmobile_app_trx	0.0016974862147584	0.00257163700206094	0.00247318395147451
mprestamos_personales_delta1	0.00168882401587674	0.00656847459530681	0.0015466108090911
cproductos_lag1	0.00164911729089277	0.00276107022921707	0.00293066492653599
mttarjeta_visa_debitos_automaticos_lag1	0.00164860578562004	0.000722641372723075	0.0019994473072484
mtransferencias_recibidas_lag2	0.00164413423460818	0.00107130414615856	0.00223399339090937
Master_mlimitecompra_lag1	0.00161958029095984	0.00176567346500475	0.0023919056056514
Visa_cconsumos_delta1	0.00156144700734845	0.00135376086743498	0.00185314628476681
Visa_msaldopesos_delta1	0.00155692294799297	0.00123462086201867	0.00222470443710101
mcaja_ahorro_dolares_lag2	0.00154742904608874	0.00153429493527046	0.00208072565307151
ctransferencias_emitidas	0.00151066098820087	0.0014109922823858	0.00184617956941055
ctarjeta_visa_transacciones_lag1	0.00149926080595522	0.000909919573827947	0.00183689061560219
internet_lag1	0.00149361137991664	0.0052522612974481	0.00100088477285025
ccaja_seguridad	0.00147697114345145	0.00220367119469742	0.000406391729115529
ccomisiones_otras_lag2	0.00147527306756605	0.00132127864536669	0.00229437159066367
Visa_msaldototal_delta1	0.00147209177383008	0.00108427762638621	0.0020621477454548
Visa_mconsumospesos_lag2	0.00146447296731661	0.00152447848394902	0.00210627027604449
Master_mfinanciacion_limite_lag2	0.00146128162486718	0.00238017704189257	0.00251730648206419
mtarjeta_master_consumo	0.00144795078898007	0.00177070814356781	0.000898706280958341
ccuenta_debitos_automaticos	0.00144209240707548	0.00154791691840907	0.00162324467801003
Visa_mconsumototal_lag1	0.00141670357806521	0.00081089755691374	0.00199712506879631
mpayroll_ratio	0.00141464169344814	0.000866068341597426	0.000438903067444771
ctarjeta_debito_lag1	0.00140949748728316	0.00318593926153774	0.00225721577543025
Master_mlimitecompra_lag2	0.00139406182931391	0.00122937524568081	0.0016696894470518
Visa_cconsumos_lag2	0.00135895866971175	0.00098080157474389	0.00163485587027047
Visa_mpagospesos_lag2	0.00135401719546999	0.00288861133028866	0.00220148205258012
ccajas_consultas	0.00132896509805406	0.00808765296904532	0.00141192097886995
Master_mconsumospesos	0.00129329038973762	0.00115292001952913	0.00157912214742034
mtarjeta_visa_consumo_delta1	0.0012780082868262	0.0015992777162078	0.00165807825479136
tmobile_app	0.00127598890218879	0.00670567848014429	0.000664160197297379
mttarjeta_visa_debitos_automaticos_lag2	0.00125369798930487	0.000745919876706182	0.00135154277911565
cpayroll_trx_lag1	0.00125326022115468	0.000517750932764758	0.000264735183538116
Master_mpagospesos	0.00125201404150573	0.00196874346095925	0.00181831270798548
cprestamos_personales_lag1	0.00124102111462792	0.00316488106003391	0.000761694212285106
mtransferencias_emitidas_lag1	0.00123359800767136	0.00133130151482894	0.00138637635589698
Master_msaldopesos_lag1	0.00122959555325939	0.000669252292323315	0.000761694212285106
mautoservicio_delta1	0.0012253387224468	0.00163315205011034	0.00166272273169554
active_quarter	0.00121510701050239	0.0022197263550761	0.00264502959692907
Visa_mpagado	0.00121232276280822	0.00136409165310416	0.00177883465429997
ctarjeta_visa_debitos_automaticos	0.00118774230292216	0.002018764251847	0.00180670151572504
ctarjeta_visa_transacciones_delta1	0.00116649081990902	0.00189583453333248	0.00133528710995102
ccajas_transacciones	0.00116036143215166	0.000875734676504298	0.000696671535626621
mcuenta_debitos_automaticos_lag1	0.0011524760468556	0.00168928480660508	0.00151177723230977
Visa_mconsumototal_delta1	0.00114044004230538	0.00052051378502109	0.00170684526228522
ctransferencias_recibidas_lag1	0.00113215742629099	0.000602080265248806	0.00153267737837857
mautoservicio_lag1	0.00111447092160505	0.000594649922407766	0.00151642170921395
mttarjeta_visa_debitos_automaticos_delta1	0.00110313764734876	0.00117623313099534	0.00147694365552844
Visa_msaldototal_lag2	0.001081169927843	0.00208494363816553	0.00161163348574958
ccallcenter_transacciones_delta1	0.00107454098310379	0.00379362051548819	0.0010519740187962
ctarjeta_debito_transacciones_delta1	0.00107235561834259	0.000783335279271431	0.00109841878783797
Master_fultimo_cierre_lag1	0.00106695465761237	0.00100413502456304	0.00174864555442282
ctarjeta_visa_transacciones_lag2	0.00105214419693385	0.000907648845146614	0.00147229917862426
mautoservicio_lag2	0.0010513915921134	0.000806597383439786	0.00106822968796082
mtarjeta_visa_consumo_lag1	0.00103883120524203	0.000502743746375295	0.0013399315868552
mcomisiones_mantenimiento_lag2	0.00103321302077018	0.00174820572530649	0.00126329771793627
ctarjeta_debito_transacciones_lag1	0.0010252447095489	0.000615954637662495	0.00131670920233431
Visa_mlimitecompra_lag2	0.00102464749585393	0.00179288947411744	0.00168362287776433
cproductos_lag2	0.0010124394035069	0.00157502955703586	0.00205982550700271
mtransferencias_emitidas_delta1	0.00100396789948682	0.00162829376640517	0.00156983319361199
Visa_msaldopesos_lag2	0.000997418156279082	0.00128631436944506	0.00146997694017217
cpagomiscuentas	0.000994645870540101	0.00325540287217612	0.00150016604004932
ctarjeta_visa_debitos_automaticos_lag1	0.000956634375415787	0.000693778602684069	0.00105894073415246
ctransferencias_recibidas_lag2	0.000952704360181293	0.000635999020696813	0.00115183027223601
mplazo_fijo_dolares	0.000940457964211597	0.0036610934187682	0.000803494504422703
ctransferencias_recibidas_delta1	0.000917044905767314	0.00264037282249499	0.00157215543206408
mcuenta_debitos_automaticos_lag2	0.000906502864855584	0.00105811617701512	0.00117273041830481
ccomisiones_otras_delta1	0.000906208143970151	0.00178856663790735	0.00143049888648666
mpagomiscuentas_lag1	0.000905961099737136	0.00118553479600565	0.00107984088022126
mtarjeta_visa_consumo_lag2	0.000905589499644707	0.00061682027670343	0.00118666384901735
Visa_mconsumototal_lag2	0.000883572535145929	0.000633478227123592	0.00117969713366108
Visa_fultimo_cierre_lag1	0.000867518106953052	0.00135916951342738	0.00156286647825572
ccomisiones_mantenimiento_lag1	0.000861691697457734	0.00321733980606052	0.000838328081204034
ctarjeta_debito_transacciones_lag2	0.000844826385176663	0.000725172432322067	0.00106358521105664
cmobile_app_trx_lag1	0.000841659059307078	0.000632982423275204	0.00121917518734659
Master_mpagominimo_lag1	0.000831100346360477	0.000551146250030855	0.000722216158599597
cdescubierto_preacordado_delta1	0.000824768213942924	0.00457437359873038	0.000438903067444771
active_quarter_lag1	0.00077441321066945	0.00108169459099637	0.00137476516363653
Visa_mconsumosdolares_lag1	0.000766122194361362	0.00117504562944833	0.000903350757862519
mextraccion_autoservicio_delta1	0.000766069154263625	0.00109876221395436	0.000912639711670874
mtransferencias_emitidas_lag2	0.000761376289392317	0.000773801692471381	0.00100552924975442
ctarjeta_debito_lag2	0.000761097162394534	0.000961398656904746	0.00117969713366108
mpayroll_pct	0.000751868403946523	0.00111337089775856	0.000473736644226102
Visa_status_delta1	0.000743872867655527	0.000284060610246057	9.52117765356382e-05
ctarjeta_master_transacciones	0.000742550598325845	0.000479499720742889	0.00055269275159712
matm	0.000739793559065737	0.000775484416770989	0.00104268506498784
Master_mconsumototal	0.000736566549185896	0.000651962884468952	0.000866194942629099
mprestamos_personales_lag2	0.000712397716309327	0.00169660764672343	0.000747760781572574
mpayroll_lag2	0.000711664086009414	0.00131403683582911	0.000541081559336676
mpagomiscuentas_delta1	0.000702835080567954	0.00107821557045168	0.00102875163427531
thomebanking_delta1	0.00069912106730107	0.00149440851967205	0.000996240295946068
Master_mlimitecompra_pct1	0.00069894896067323	0.003049107536276	0.000952117765356382
cpagomiscuentas_lag1	0.000688070353203604	0.00099049689987448	0.000724538397051686
thomebanking_lag1	0.000684992551598779	0.000360730841843117	0.00104500730343993
ctransferencias_emitidas_lag1	0.000680349965633726	0.000549323223379047	0.000859228227272833
ctarjeta_visa_debitos_automaticos_lag2	0.0006726629050248	0.000929434062060374	0.00082671688894359
ccajas_consultas_delta1	0.000669036095160204	0.00558165874361625	0.000822072412039413
Master_msaldototal_lag1	0.000657396395504235	0.000580106773296382	0.000819750173587324
matm_delta1	0.000641541611613412	0.000481944713597526	0.000782594358353904
Visa_mpagado_delta1	0.000635140724469529	0.00222553563433836	0.000840650319656123
Master_mpagospesos_lag1	0.000629158185052696	0.000889800100303243	0.000910317473218785
cpagomiscuentas_lag2	0.000614324637900347	0.000579868136621862	0.000617715428255604
Master_cconsumos	0.00060901128421404	0.000366724780436848	0.000805816742874792
tcallcenter_delta1	0.000607752897929577	0.000496416581624314	0.000343691290909133
ctarjeta_visa	0.000606088900561803	0.000490653983724524	0.000234546083660963
mpagomiscuentas_lag2	0.00060580544702219	0.000456806444794915	0.000731505112407952
mextraccion_autoservicio_lag1	0.000586680460020418	0.000613402400349963	0.000768660927641372
Master_mconsumospesos_lag1	0.000572075294598352	0.000418211546891425	0.000657193481941113
Visa_msaldodolares	0.000568951970227264	0.00274274337166406	0.000889417327149987
Visa_mpagosdolares	0.000565768755617795	0.000908449466024333	0.000782594358353904
ctransferencias_emitidas_delta1	0.000553298729553502	0.000550959847411986	0.000692027058722444
mcuenta_debitos_automaticos_delta1	0.000535236416040782	0.00153699431895237	0.000712927204791242
ccaja_ahorro_lag1	0.000527955349788059	0.000599855895098941	0.000587526328378451
Visa_status_lag1	0.000525749767772146	0.00319148298002015	0.000334402337100778
tmobile_app_delta1	0.000523285780424435	0.000953349317906068	0.000246157275921406
ccomisiones_mantenimiento_lag2	0.000518252046999977	0.0012938831422185	0.000645582289680669
Master_fultimo_cierre_delta1	0.000513678754574637	0.000280647059827978	0.000842972558108212
tiene_spike_saldo	0.000513339533452396	0.000228768053709518	0.000905672996314608
catm_trx	0.000506778118074356	0.00246774882436519	0.000884772850245809
mpayroll_delta1	0.000503922603012991	0.000943696735599757	0.000411036206019706
Master_msaldototal_delta1	0.000496794239345113	0.000253214043717701	0.000613070951351427
cmobile_app_trx_lag2	0.000496470796436934	0.00059356353152966	0.000759371973833017
foto_mes	0.000495704923554563	0.00104485938030267	0.000924250903931318
Visa_mconsumosdolares_delta1	0.000495419783989899	0.000895969271563274	0.000694349297174533
cextraccion_autoservicio_lag1	0.000495005615279201	0.000699008012905777	0.000531792605528321
Master_mpagospesos_delta1	0.000493039073964765	0.000456552570497238	0.000678093628009911
Master_fultimo_cierre_lag2	0.000485473695113315	0.000840666061603766	0.000940506573095939
Visa_fultimo_cierre_lag2	0.000485125569645696	0.000978615686049115	0.000866194942629099
mextraccion_autoservicio_lag2	0.000483954085202141	0.000698474050433298	0.000580559613022184
matm_lag1	0.000482110230469687	0.000414253380577896	0.000592170805282628
Master_mpagospesos_lag2	0.000478612960871545	0.000951773838064355	0.000682738104914089
cplazo_fijo	0.000476874322998252	0.00264952404825973	0.000332080098648689
mprestamos_prendarios	0.000471898080148007	0.00794542267011836	0.000796527789066437
ccajas_otras	0.000451897335131794	0.0037510595741948	0.000501603505651167
Master_msaldopesos_lag2	0.000446502254574035	0.00144769377647968	0.000585204089926362
Master_msaldopesos_delta1	0.00044615828771145	0.000300271246033893	0.000522503651719966
tcuentas	0.000445586702730889	0.00225523615081998	0.000589848566830539
ctarjeta_visa_debitos_automaticos_delta1	0.000445011518805287	0.000706355581878653	0.000573592897665918
matm_other	0.000442529820990968	0.000854031135833305	0.000731505112407952
Master_msaldototal_lag2	0.000419292303229803	0.00118192438324434	0.000589848566830539
Master_mfinanciacion_limite_delta1	0.000415703758445781	0.000513763324264114	0.000657193481941113
limite_total_delta1	0.000414852340554718	0.000783014514390745	0.000659515720393201
Master_mconsumospesos_delta1	0.000413866560599381	0.000178176303916793	0.000457480975061481
mtarjeta_master_consumo_lag1	0.000413103962101271	0.000575580037027273	0.000392458298402997
Visa_mlimitecompra_pct1	0.000409866953121569	0.000878089082980593	0.000678093628009911
Master_mconsumospesos_lag2	0.000409688699848049	0.000922011402597112	0.000480703359582369
cseguro_accidentes_personales	0.000408466906661946	0.000511726389792315	0.000731505112407952
mttarjeta_master_debitos_automaticos	0.000407570107369796	0.00120470036849428	0.000557337228501297
thomebanking_lag2	0.000402870764582885	0.000261172731771837	0.000664160197297379
Visa_mconsumosdolares_lag2	0.000402698956247016	0.000976921791796939	0.000545726036240853
cprestamos_personales_lag2	0.000394700787714484	0.00525585188838608	0.000740794066216307
ctransferencias_emitidas_lag2	0.000393532223319624	0.000556601125422321	0.000610748712899338
cseguro_vivienda	0.000392657973263482	0.000999502335160035	0.000673449151105734
Visa_fultimo_cierre_delta1	0.000390607967385507	0.000233419983840071	0.000740794066216307
minversion1_pesos	0.000389078805852646	0.00375192159752854	0.000390136059950908
Master_mpagominimo_delta1	0.000386420686441695	0.000412880703169806	0.000503925744103256
Visa_mpagado_lag1	0.000381182333908179	0.000399036999701029	0.000524825890172055
Visa_mpagado_lag2	0.000380901078786787	0.000401181759726522	0.000485347836486546
mplazo_fijo_dolares_delta1	0.000378655657970083	0.00171144379724958	0.000318146667936157
internet_lag2	0.000378638892499254	0.002916235010387	0.000831361365847768
Visa_mlimitecompra_delta1	0.000376581617372016	0.000356970248101026	0.000489992313390724
cextraccion_autoservicio_delta1	0.000375625136160896	0.000470992930218515	0.000520181413267877
Master_mlimitecompra_delta1	0.000375106143885062	0.000876546983864185	0.000596815282186806
matm_lag2	0.000373177259877464	0.000597000584044472	0.000489992313390724
catm_trx_lag2	0.000369210968218124	0.000694391787883723	0.000373880390786287
catm_trx_lag1	0.000366587155047729	0.000418142202792822	0.000408713967567618
matm_other_delta1	0.000365664426090137	0.00112784412167555	0.000448192021253126
Visa_Fvencimiento_delta1	0.000364939274048148	0.00104620552100263	0.00044122530589686
cpayroll_trx_lag2	0.000363308489084339	0.000653354608905988	0.000255446229729761
cliente_edad_delta1	0.000363279680590278	0.000820416874583631	0.000692027058722444
Master_mconsumototal_delta1	0.000361885030539732	0.000232538203249182	0.000329757860196601
cdescubierto_preacordado_lag2	0.000357283197219623	0.000515320467305079	0.000394780536855085
active_quarter_lag2	0.000354916872163375	0.000759393809548612	0.000905672996314608
Master_mpagado	0.00034854965148776	0.000600376363235659	0.000448192021253126
ccuenta_debitos_automaticos_lag2	0.000347342627839841	0.00153468401119055	0.000594493043734717
cpagomiscuentas_delta1	0.000347061867789914	0.00116495961424265	0.000464447690417748
Visa_Finiciomora_lag1	0.00034556990184416	0.00672054555788015	0.000531792605528321
Visa_mfinanciacion_limite_delta1	0.000345438263900744	0.00032595542205595	0.000522503651719966
ccallcenter_transacciones_lag1	0.000344354953220364	0.0015396555440102	0.000466769928869836
Master_mpagominimo_lag2	0.000342732642128459	0.000396945829621385	0.00044122530589686
catm_trx_other	0.000340928289570911	0.000855454562274451	0.000499281267199079
Master_cconsumos_lag1	0.000338259563636486	0.00022650952803995	0.000387813821498819
mtarjeta_master_consumo_lag2	0.000333907540656813	0.000687225068836532	0.000341369052457044
internet_delta1	0.000331489090165515	0.00314003275803467	0.00091960642702714
ccallcenter_transacciones_lag2	0.000323937322526493	0.00164388566430017	0.000466769928869836
mcaja_ahorro_adicional	0.000321471730685452	0.0030687754337992	0.000622359905159782
cextraccion_autoservicio_lag2	0.000320961156095985	0.000381969183044435	0.000369235913882109
cdescubierto_preacordado_lag1	0.000320814951648805	0.000313165245269573	0.000434258590540594
catm_trx_delta1	0.000316566825047528	0.000408825622990354	0.000413358444471795
mes	0.000315519842629361	0.000719427719259626	0.00069899377407871
ccajas_transacciones_delta1	0.000311880160741088	0.000316135032196316	0.000222934891400519
ccaja_seguridad_lag1	0.000305670787428625	0.000837420770702408	0.000118434161056526
mplazo_fijo_dolares_lag1	0.00030542890609523	0.000796931048532914	0.000287957568059003
Master_mconsumototal_lag1	0.000297029764438129	0.000248106147084048	0.000424969636732239
ccuenta_debitos_automaticos_lag1	0.000285571909591328	0.000344681686121022	0.000517859174815788
Visa_Finiciomora	0.000285415964672817	0.00726321349108075	0.000780272119901816
ccuenta_debitos_automaticos_delta1	0.000280438571019762	0.000598331228856483	0.000260090706633939
tmobile_app_lag1	0.00027447212948549	0.00271210005953273	0.000260090706633939
Master_status_delta1	0.000274417698692809	0.000634241657870218	0.000155589976289945
matm_other_lag1	0.000270062833023054	0.000613121601946963	0.00038549158304673
Master_cconsumos_delta1	0.00026938487260681	0.000133375302886976	0.000243835037469317
cseguro_vivienda_lag1	0.000266321924527494	0.000832993272682416	0.000364591436977932
Master_cconsumos_lag2	0.000266284552444464	0.000287527298646585	0.000290279806511092
minversion2	0.000266109343040734	0.00159978288215517	0.000280990852702737
matm_other_lag2	0.000256659167015959	0.000516084027184105	0.000315824429484068
mttarjeta_master_debitos_automaticos_lag1	0.000249067619146315	0.000329441932279821	0.00023919056056514
cmobile_app_trx_delta1	0.000248361203289362	0.00066862897023029	0.000536437082432498
ccajas_extracciones	0.000244063137800139	0.00137296640640129	0.000373880390786287
cprestamos_personales_delta1	0.000242965240710939	0.000995508076340809	0.000236868322113051
Visa_mpagosdolares_lag1	0.000241375352042523	0.000436615302788415	0.000297246521867358
Master_mpagosdolares	0.000240776539266953	0.0013365835465035	0.000215968176044253
Visa_msaldodolares_lag1	0.00022886323839332	0.000674350568593196	0.000311179952579891
ctarjeta_master_transacciones_lag1	0.000223464265382007	0.000172341843836608	0.000236868322113051
Visa_msaldodolares_lag2	0.000218312595875714	0.00122801599804228	0.000255446229729761
cinversion2	0.000217965019517034	0.00214926687537176	0.000248479514373495
cseguro_accidentes_personales_lag1	0.00020613215081556	0.000178113739269171	0.000355302483169577
Visa_msaldodolares_delta1	0.000205592660759501	0.000872318995401625	0.000301890998771536
cseguro_vida	0.000203986480192179	0.000378348504257346	0.000406391729115529
mttarjeta_master_debitos_automaticos_delta1	0.000200159309869299	0.000860426869888491	0.000236868322113051
mttarjeta_master_debitos_automaticos_lag2	0.000198421452844853	0.000507458693116868	0.000213645937592164
mtarjeta_visa_descuentos	0.000198013481585753	0.00215151616807475	0.000390136059950908
Visa_madelantopesos	0.000196438276509394	0.000249143080253095	0.000132367591769058
mtarjeta_visa_descuentos_delta1	0.000194814489183318	0.000706419244151672	0.000227579368304696
ctarjeta_master_transacciones_delta1	0.000194549738969075	0.00015350555896705	0.000199712506879631
ccaja_ahorro_lag2	0.000191719872891501	0.000355392895839518	0.000304213237223625
ccajas_consultas_lag1	0.000190814922745787	0.00118918595003906	0.000267057421990205
mplazo_fijo_dolares_lag2	0.000190211856202261	0.000483318359498614	0.000199712506879631
catm_trx_other_lag2	0.000189386667617065	0.00119797289330443	0.000218290414496341
tcallcenter_lag1	0.000188371071343445	0.000269580025782295	0.000225257129852608
Master_mpagado_delta1	0.000187979509639315	0.000293878804854897	0.000185779076167099
catm_trx_other_lag1	0.000187125124295524	0.000262851194702257	0.00020203474533172
Master_Fvencimiento_delta1	0.000184461484928823	0.000458911625739919	0.000332080098648689
Master_mconsumototal_lag2	0.000184340644132805	0.000366373734008447	0.000262412945086027
ccajas_otras_delta1	0.000183782457257071	0.00127641753320484	0.000222934891400519
mes_cat	0.000172836365294267	0.000314768488577208	0.000325113383292423
tcuentas_lag1	0.00017128485846352	0.00181729685353813	0.000322791144840335
ccajas_transacciones_lag1	0.000170611283660804	0.00011808144257033	0.000162556691646212
ctarjeta_master_debitos_automaticos_lag1	0.000169184227917046	0.00024209019141618	0.000127723114864881
catm_trx_other_delta1	0.000168730297073383	0.000374900217223766	0.000255446229729761
Master_mpagado_lag1	0.000168540697335344	0.000307546888260173	0.000199712506879631
active_quarter_delta1	0.0001679829424566	0.00243077402154748	0.00055269275159712
ctarjeta_master_delta1	0.000166569448193382	0.00061488555052594	9.05672996314608e-05
mtarjeta_master_consumo_delta1	0.000159275941464487	0.000333066872436098	0.000209001460687986
ctarjeta_master_transacciones_lag2	0.000159001080938504	0.000186648164127067	0.000192745791523365
mcaja_ahorro_adicional_lag1	0.000156627436025792	0.00171667301377269	0.000325113383292423
ccaja_ahorro_delta1	0.000155228416879084	0.00278115948576026	0.000211323699140075
Visa_mpagosdolares_delta1	0.000153078553617611	0.000302826647090216	0.000225257129852608
ccajas_consultas_lag2	0.000149140859634736	0.00351360407373382	0.000352980244717488
Master_cadelantosefectivo	0.000147770140345661	1.13787596583958e-05	1.85779076167099e-05
Master_fechaalta_delta1	0.00014641301752593	8.81518452117627e-05	0.000264735183538116
ctarjeta_master_debitos_automaticos	0.000146041807505435	0.000504471796147174	0.000176490122358744
mcaja_ahorro_adicional_delta1	0.000140261172970189	0.00228911810353409	0.000213645937592164
cseguro_accidentes_personales_lag2	0.000140032904112509	0.000465938236133509	0.000271701898894382
Master_msaldodolares	0.000139032864301057	0.00240953180637418	0.000267057421990205
Master_Finiciomora	0.000138422956549796	0.00163296409790267	0.000236868322113051
Visa_delinquency	0.000137405516572035	0.000189382219858281	0.000197390268427543
Master_status_lag1	0.000137154716978176	0.000820797750596347	0.000109145207248171
mcheques_depositados_lag1	0.000136485202826036	0.000627090563843382	9.98562534398157e-05
mprestamos_prendarios_delta1	0.000133777208874365	0.00447473852574892	0.000325113383292423
Master_mconsumosdolares	0.00012998102314569	0.000147224559048936	0.000118434161056526
minversion1_pesos_lag1	0.000129070960002575	0.00129390147901925	0.000178812360810833
tcuentas_lag2	0.000126052726701286	0.00168963456170949	0.000225257129852608
cprestamos_prendarios_lag2	0.000125896055941342	0.00145290898213743	0.000125400876412792
mprestamos_hipotecarios	0.000125331327143441	0.00243920888532526	0.000192745791523365
cprestamos_prendarios	0.000123790667750288	0.00426958659268135	0.000399425013759263
ccheques_emitidos	0.000123368457008539	0.00101924706646101	0.000127723114864881
mcheques_emitidos	0.000121067093144731	0.00135994869832676	0.000188101314619188
ccajas_extracciones_delta1	0.000115243358383775	0.000357318389050435	0.000132367591769058
cpayroll_trx_delta1	0.000114978841357252	0.000180307117643125	0.000127723114864881
cseguro_vivienda_lag2	0.000114036601317894	0.000749157613362162	0.000174167883906655
tcallcenter_lag2	0.000110821179904917	0.000656715989834616	0.000169523407002478
ccajas_depositos_delta1	0.00010869781367635	0.0019756077519265	0.000178812360810833
mforex_sell	0.000105716610286989	0.000543628161724265	0.000188101314619188
Visa_fechaalta_delta1	0.00010384584755104	7.8280189789475e-05	0.000176490122358744
mprestamos_prendarios_lag1	0.00010147772926064	0.0016641373048359	0.000155589976289945
ctarjeta_visa_descuentos_delta1	0.000100532265893706	0.000269727559548875	8.59228227272833e-05
minversion2_lag2	0.000100156934045455	0.00114010943982362	0.000132367591769058
mtarjeta_visa_descuentos_lag1	0.00010012221930411	0.000299856795597273	0.000125400876412792
mcaja_ahorro_adicional_lag2	9.90182300278021e-05	0.000715511779240778	0.000162556691646212
ccajas_transacciones_lag2	9.85123322751029e-05	0.000544882101890894	0.000169523407002478
Master_mpagado_lag2	9.62804360386424e-05	0.000254992584257837	0.000118434161056526
cplazo_fijo_lag1	9.51470627627765e-05	0.000161938033795436	7.66338689189283e-05
cseguro_vida_lag1	9.5064465112499e-05	0.000138639256025586	0.000157912214742034
mtarjeta_master_descuentos	9.45923667997165e-05	0.00108564868963931	0.000178812360810833
ccajas_extracciones_lag1	9.41110489442437e-05	0.00116435314392778	0.000155589976289945
mforex_sell_lag1	9.1454925508519e-05	9.59364627911938e-05	9.05672996314608e-05
mforex_sell_delta1	9.0781173732007e-05	0.000288564231815632	9.05672996314608e-05
ctarjeta_visa_lag1	8.63380795566209e-05	5.21548329240744e-05	6.27004382063959e-05
mcajeros_propios_descuentos	8.41877248006317e-05	0.000471428300103875	0.000127723114864881
mcheques_depositados_delta1	8.32912954435189e-05	0.000685829793258506	0.000109145207248171
Visa_cadelantosefectivo	8.27347087129466e-05	0.000210649293018517	6.50226766584846e-05
ctarjeta_master_debitos_automaticos_delta1	8.21087041200359e-05	0.000295843748013901	7.89561073710171e-05
mforex_buy	8.04484372542587e-05	0.00148154370435869	0.000123078637960703
cprestamos_hipotecarios	8.04085817705029e-05	0.00169451557271699	0.000143978784029502
Master_delinquency	8.02683501510588e-05	6.93342199739512e-05	0.000132367591769058
Master_mconsumosdolares_lag1	7.84317887696887e-05	0.000396920777935856	9.28895380835495e-05
cseguro_vida_lag2	7.74712316823019e-05	0.00022674474270588	0.000153267737837857
ccajas_otras_lag1	7.70223870846269e-05	0.000187694201130288	6.50226766584846e-05
Visa_mpagosdolares_lag2	7.47161099363874e-05	0.000184139315300811	0.000155589976289945
minversion2_delta1	7.3398835512754e-05	0.00105772606803583	0.000120756399508614
ctarjeta_master_debitos_automaticos_lag2	7.33691540208334e-05	9.95739287902351e-05	7.19893920147509e-05
ccajeros_propios_descuentos_delta1	7.27151617536908e-05	9.40583611709422e-05	7.19893920147509e-05
ccajas_otras_lag2	7.19021157406705e-05	0.000363300834860598	9.28895380835495e-05
Visa_Finiciomora_lag2	7.18637807487283e-05	0.000548714234982381	0.000113789684152348
tcuentas_delta1	7.15621415240543e-05	0.00357294021766624	0.00029492428341527
ctarjeta_debito_delta1	7.11229341629959e-05	0.00141939428196787	0.000125400876412792
cseguro_auto	7.09998508141307e-05	0.000297241089710322	0.000139334307125324
mtarjeta_visa_descuentos_lag2	7.01748408918444e-05	0.000273180689047441	7.66338689189283e-05
ccajas_extracciones_lag2	6.88192926676412e-05	0.000500791070794256	8.8245061179372e-05
minversion2_lag1	6.85893074518183e-05	0.000444423422464579	9.28895380835495e-05
mprestamos_hipotecarios_delta1	6.82474672082516e-05	0.00116868740835523	9.7534014987727e-05
ccajas_depositos_lag1	6.79619519456896e-05	0.00110498781607303	0.000134689830221147
cplazo_fijo_delta1	6.72875315636557e-05	0.00193105539533217	0.000148623260933679
minversion1_pesos_delta1	6.44737751498618e-05	0.00129223902850638	0.000155589976289945
cforex_sell	6.4113351413439e-05	0.000355348797125044	0.000113789684152348
cseguro_auto_lag2	6.27064734454785e-05	0.00104364417985593	0.000109145207248171
mforex_sell_lag2	6.25975780872873e-05	0.00050389747979981	0.000102178491891904
mcheques_depositados	6.18030862512843e-05	0.000411161176136302	0.000102178491891904
ccheques_depositados_delta1	6.12511678503979e-05	0.000980260703688031	8.36005842751946e-05
minversion1_dolares	6.0270116786842e-05	0.000438310682063186	8.12783458231058e-05
mcheques_emitidos_delta1	6.01299071353513e-05	0.000205465466533879	6.03781997543072e-05
mtarjeta_master_descuentos_delta1	5.97849797295606e-05	0.000177132849561564	6.73449151105734e-05
cinversion2_lag1	5.90637630550471e-05	0.000357781651534116	6.50226766584846e-05
mcajeros_propios_descuentos_lag1	5.88442615352008e-05	9.41546939410679e-05	5.10892459459522e-05
Master_msaldodolares_delta1	5.8824234303523e-05	0.000444075023250371	7.19893920147509e-05
mcajeros_propios_descuentos_delta1	5.83983122314647e-05	6.88527498219223e-05	5.10892459459522e-05
ccajeros_propios_descuentos	5.63560456781597e-05	9.885937465687e-05	8.59228227272833e-05
ccajas_depositos	5.55035260348515e-05	0.000566729366922678	0.000134689830221147
ccajeros_propios_descuentos_lag1	5.52438223132592e-05	7.19279733529648e-05	3.71558152334198e-05
mcheques_emitidos_lag2	5.46191119323054e-05	5.89861951294201e-05	4.4122530589686e-05
mcheques_emitidos_lag1	5.44834342369658e-05	0.00155660307383653	0.000125400876412792
Master_msaldodolares_lag1	5.35836668249587e-05	0.000303469597307985	6.73449151105734e-05
ctarjeta_visa_lag2	5.33204543296057e-05	0.000136573718727268	0.000118434161056526
cplazo_fijo_lag2	5.28819321434799e-05	8.89711902874294e-05	5.10892459459522e-05
tmobile_app_lag2	5.28585176833259e-05	0.00171007183006969	0.000150945499385768
ccheques_depositados	5.25925706958575e-05	0.000728727899247341	0.000111467445700259
minversion1_dolares_lag2	4.98843307721867e-05	0.00137396221090105	8.8245061179372e-05
Master_Finiciomora_lag2	4.95842213649425e-05	0.00260006814705417	0.000192745791523365
cforex	4.92045074848446e-05	3.90041184779248e-05	5.57337228501297e-05
cseguro_auto_lag1	4.73809349977996e-05	0.000256343567422789	5.3411484398041e-05
mtarjeta_master_descuentos_lag1	4.51602815369291e-05	4.27138340545603e-05	2.32223845208874e-05
cforex_sell_lag2	4.43939030888179e-05	0.000146707835751808	3.48335767813311e-05
cprestamos_prendarios_lag1	4.40875669141369e-05	0.000741064498480009	7.66338689189283e-05
Master_Finiciomora_lag1	4.26893154014377e-05	0.00125656491178398	0.000104500730343993
mprestamos_prendarios_lag2	4.26043234382215e-05	0.000525898024989957	7.43116304668396e-05
Master_madelantopesos	4.22716329442629e-05	9.94874746486813e-06	3.25113383292423e-05
ctarjeta_visa_descuentos	4.13487552783407e-05	7.69882846973541e-05	6.03781997543072e-05
ctarjeta_master_lag2	4.05218021502848e-05	8.81459051213796e-05	9.05672996314608e-05
Master_mpagosdolares_delta1	3.98966462404986e-05	0.000668780442535059	7.89561073710171e-05
cinversion1	3.94471156824765e-05	0.000459279717645071	8.59228227272833e-05
ctarjeta_visa_descuentos_lag1	3.83087711765559e-05	9.16625677605649e-05	4.18002921375973e-05
Visa_delinquency_delta1	3.58391509295212e-05	7.13026497077456e-05	6.03781997543072e-05
mforex_buy_delta1	3.5107754514505e-05	0.000155630432602998	2.78668614250649e-05
ccaja_seguridad_lag2	3.46147820138861e-05	0.000213501246630595	5.3411484398041e-05
mpagodeservicios_delta1	3.34537360387248e-05	6.86702211750421e-05	1.85779076167099e-05
Master_mpagosdolares_lag1	3.29570256409092e-05	0.000492238438268012	6.73449151105734e-05
cforex_delta1	3.27257050971449e-05	5.4654448783756e-05	3.25113383292423e-05
cinversion2_lag2	3.21326690889929e-05	0.000240566945630118	5.57337228501297e-05
ccheques_depositados_lag1	3.21118751128117e-05	0.000162235619410388	2.55446229729761e-05
ctarjeta_master_lag1	3.19383145215645e-05	7.23645699961215e-05	6.03781997543072e-05
cinversion1_delta1	3.10080223567122e-05	0.00110408963566739	7.66338689189283e-05
cseguro_accidentes_personales_delta1	2.72592606986701e-05	0.0010036579449126	9.28895380835495e-05
cforex_sell_delta1	2.68147540218735e-05	0.000104374619445164	3.25113383292423e-05
mpagodeservicios_lag1	2.61432143137103e-05	0.000309716958235993	3.25113383292423e-05
ccajas_depositos_lag2	2.54397393993749e-05	0.000248342394809175	4.64447690417747e-05
Visa_delinquency_lag2	2.50409439173889e-05	0.000118317367464458	6.03781997543072e-05
cseguro_vida_delta1	2.44277878235667e-05	0.000352724245668718	3.94780536855085e-05
cforex_buy_delta1	2.40759660573397e-05	8.16596492540511e-05	2.32223845208874e-05
ctarjeta_visa_descuentos_lag2	2.37155060357058e-05	0.000235541564599829	4.18002921375973e-05
cforex_lag1	2.26142590488826e-05	2.3976916566519e-05	2.78668614250649e-05
ctarjeta_visa_delta1	2.26020305495039e-05	5.19063176209821e-05	3.25113383292423e-05
minversion1_pesos_lag2	2.21578576644756e-05	0.000689379836622996	8.36005842751946e-05
mcheques_depositados_lag2	2.1803169352379e-05	0.000119152789523879	3.48335767813311e-05
Master_mconsumosdolares_delta1	2.14070099822248e-05	0.000323929851235318	2.78668614250649e-05
ccheques_emitidos_lag2	2.09365753858778e-05	0.000104592530369543	2.32223845208874e-05
minversion1_dolares_lag1	2.08954277861812e-05	0.000464576470413187	4.18002921375973e-05
Visa_delinquency_lag1	1.93585342528789e-05	4.19879162700275e-05	4.18002921375973e-05
cforex_sell_lag1	1.91631287627819e-05	5.63433714385463e-05	2.09001460687986e-05
Master_status_lag2	1.81073311012195e-05	0.000180089658682144	3.01890998771536e-05
cforex_lag2	1.80844882052941e-05	8.2001010752479e-06	1.85779076167099e-05
mtarjeta_master_descuentos_lag2	1.77954165283677e-05	1.53741806692177e-05	9.28895380835495e-06
Visa_madelantodolares	1.7612481681936e-05	2.49193248190352e-06	3.01890998771536e-05
Master_mpagosdolares_lag2	1.65642374099505e-05	7.08052317043621e-06	2.32223845208874e-05
cliente_vip	1.63524266799331e-05	0.000452424207680994	6.50226766584846e-05
Visa_Finiciomora_delta1	1.61166863523719e-05	0.000207882760488795	1.85779076167099e-05
ccajeros_propios_descuentos_lag2	1.60266737631427e-05	3.89153399531776e-06	6.96671535626621e-06
mplazo_fijo_pesos	1.55318158557032e-05	0.00065938664155761	3.94780536855085e-05
ctarjeta_master_descuentos_delta1	1.54962730223456e-05	5.43966359478902e-05	1.85779076167099e-05
ctarjeta_master_descuentos_lag2	1.52623397825154e-05	8.16581642314553e-06	1.39334307125324e-05
mpagodeservicios	1.50285829061281e-05	0.000965565759440879	8.36005842751946e-05
Master_mconsumosdolares_lag2	1.48394132535878e-05	8.56496467040884e-05	3.01890998771536e-05
Visa_status_lag2	1.45694903362346e-05	0.00011552500845481	3.71558152334198e-05
ccheques_emitidos_lag1	1.44815771532986e-05	0.00021264277443784	2.09001460687986e-05
cinversion1_lag1	1.40990014137963e-05	9.94856022288866e-05	1.85779076167099e-05
Master_madelantopesos_lag1	1.36402934368593e-05	6.05630954275295e-07	6.96671535626621e-06
Visa_madelantopesos_lag1	1.36273225881458e-05	3.15328406662013e-06	2.55446229729761e-05
cseguro_vivienda_delta1	1.35160509437018e-05	0.000184517156702135	2.09001460687986e-05
Master_delinquency_lag1	1.31712903959439e-05	0.000263789147886986	5.3411484398041e-05
mcajeros_propios_descuentos_lag2	1.28067687206731e-05	1.35925409514914e-05	1.16111922604437e-05
cpagodeservicios_lag1	1.26919774154857e-05	1.13249114477491e-05	9.28895380835495e-06
mprestamos_hipotecarios_lag2	1.06520092031254e-05	0.000344259423174224	2.32223845208874e-05
mpagodeservicios_lag2	9.65872730287239e-06	6.04430022958715e-06	6.96671535626621e-06
cpagodeservicios	9.33149779705553e-06	0.00010587881820228	2.09001460687986e-05
Master_delinquency_lag2	8.4206293058336e-06	0.000164724323582301	2.32223845208874e-05
Visa_madelantodolares_lag2	8.28930986698814e-06	9.03926797425813e-07	1.39334307125324e-05
ctarjeta_master_descuentos	8.19827100575549e-06	1.9318529815985e-05	1.85779076167099e-05
cforex_buy_lag2	7.89565284687133e-06	0.00033851245029479	2.09001460687986e-05
cseguro_auto_delta1	6.64726474437567e-06	6.94086648023392e-06	4.64447690417748e-06
Master_msaldodolares_lag2	6.53642275960285e-06	0.000121362890543585	1.62556691646212e-05
Visa_madelantopesos_lag2	6.10829061585245e-06	2.99406381787356e-06	1.62556691646212e-05
mforex_buy_lag2	5.82211994841253e-06	0.000168992407654946	1.16111922604437e-05
ccheques_depositados_lag2	5.80855044339606e-06	4.27089270233743e-05	1.39334307125324e-05
ccheques_emitidos_delta1	5.67963584961599e-06	3.27621165445006e-05	1.39334307125324e-05
Master_reduccion_fuerte	4.93533032137127e-06	1.01310824131489e-06	6.96671535626621e-06
minversion1_dolares_delta1	4.48634780298922e-06	0.000149512591471821	2.09001460687986e-05
Master_madelantodolares	4.44003383081446e-06	5.75607671360794e-07	6.96671535626621e-06
cprestamos_hipotecarios_lag2	4.25110618061825e-06	0.00013484528155819	9.28895380835495e-06
cinversion1_lag2	3.80860897777043e-06	9.5472167248316e-05	1.85779076167099e-05
cpagodeservicios_delta1	3.79482174256181e-06	1.01479987575007e-05	2.32223845208874e-06
Master_madelantopesos_delta1	3.61217131086583e-06	6.30553507404321e-07	2.32223845208874e-06
Master_delinquency_delta1	3.04567946050039e-06	2.53422334278308e-07	4.64447690417748e-06
mpayroll2_lag1	3.01657044123973e-06	2.36602839226207e-06	4.64447690417748e-06
mpayroll2_lag2	2.98026793211071e-06	5.66290768727327e-06	2.32223845208874e-06
mprestamos_hipotecarios_lag1	2.84830068703754e-06	0.000130331652227644	1.39334307125324e-05
Visa_madelantopesos_delta1	2.80502121645322e-06	9.02125400450943e-06	2.32223845208874e-06
mcheques_depositados_rechazados_lag2	2.67016457278262e-06	3.39392229333485e-06	2.32223845208874e-06
cprestamos_hipotecarios_lag1	2.54197274974772e-06	0.00012615421909954	9.28895380835495e-06
mcheques_emitidos_rechazados	2.47410463355326e-06	4.18195276209071e-07	2.32223845208874e-06
Visa_madelantodolares_delta1	2.39546566242645e-06	6.4824464615394e-08	2.32223845208874e-06
mcheques_depositados_rechazados_lag1	2.36292549770845e-06	1.27537614496801e-06	2.32223845208874e-06
cprestamos_prendarios_delta1	1.88567974756513e-06	1.40497342123894e-05	9.28895380835495e-06
cforex_buy	1.85903509455325e-06	3.75880525835574e-05	4.64447690417748e-06
Master_madelantopesos_lag2	1.71301445332947e-06	1.54042039521322e-06	6.96671535626621e-06
ccheques_depositados_rechazados_delta1	1.62588011548723e-06	4.92059008798723e-07	2.32223845208874e-06
ctarjeta_master_descuentos_lag1	1.566133470778e-06	2.94115827374422e-05	6.96671535626621e-06
mforex_buy_lag1	1.39977653247562e-06	2.65990145072518e-05	2.32223845208874e-06
mcheques_emitidos_rechazados_lag2	1.34468531488738e-06	5.20016173319107e-07	2.32223845208874e-06
mcheques_depositados_rechazados	1.28164365695358e-06	5.14850877333817e-07	2.32223845208874e-06
ccaja_seguridad_delta1	1.23064614359809e-06	1.59550827689634e-05	4.64447690417748e-06
Master_cancelada	1.18574100660678e-06	1.29765148390457e-06	4.64447690417748e-06
Visa_cadelantosefectivo_lag2	1.11705034361665e-06	1.12944362014359e-05	4.64447690417748e-06
Master_Finiciomora_delta1	1.09980823964278e-06	7.66680363462661e-05	4.64447690417748e-06
Visa_cancelada	1.0612223124476e-06	2.21197343950078e-06	4.64447690417748e-06
Master_madelantodolares_lag1	9.16091536572533e-07	1.10543145043197e-05	2.32223845208874e-06
Visa_cadelantosefectivo_lag1	8.68819472064615e-07	5.93879905908759e-07	4.64447690417748e-06
cforex_buy_lag1	7.76459798867571e-07	3.12380313978409e-05	2.32223845208874e-06
mpayroll2_delta1	7.38420671682072e-07	8.28384343640941e-08	2.32223845208874e-06
mcheques_emitidos_rechazados_delta1	6.25928095415294e-07	2.64405044867032e-06	2.32223845208874e-06
Master_cadelantosefectivo_lag1	5.95008685896941e-07	6.29197617208182e-07	2.32223845208874e-06
mplazo_fijo_pesos_delta1	5.74110183325914e-07	7.09647102179079e-07	2.32223845208874e-06
Visa_madelantodolares_lag1	5.66140893028481e-07	8.08497954097574e-07	2.32223845208874e-06
mplazo_fijo_pesos_lag2	5.27877610391141e-07	7.76214854189509e-07	2.32223845208874e-06
cprestamos_hipotecarios_delta1	3.485033608935e-07	2.95325797958976e-07	2.32223845208874e-06
mcheques_depositados_rechazados_delta1	1.81724796860284e-07	9.82458666262171e-06	2.32223845208874e-06
cliente_vip_lag2	1.75538265364984e-07	6.69551492093263e-08	2.32223845208874e-06
Master_cadelantosefectivo_lag2	1.68001918339782e-07	2.26950192353695e-07	2.32223845208874e-06
ccheques_emitidos_rechazados_lag1	1.44459473447301e-07	8.0255786371449e-08	2.32223845208874e-06
