Feature	Gain	Cover	Frequency
mpayroll_base	0.0927785329140138	0.0024127247015836	0.00130731195684747
mpasivos_margen_rank	0.0573375592802316	0.00814105955110047	0.00907252022774948
mtarjeta_visa_consumo	0.0395466140213039	0.00428016753286107	0.00650846568774348
mpayroll	0.0317736732911289	0.0050071674800477	0.0028693437219059
mtarjeta_visa_consumo_rank	0.0164179319043746	0.00495639032497027	0.0063679952052742
mautoservicio	0.015044862929203	0.0012462180083552	0.002170737189092
mprestamos_personales_rank	0.014878946790392	0.0115453712499178	0.00368969133952652
mcaja_ahorro_base	0.0131602002645811	0.00475860698816111	0.00801805513934672
mpayroll_rank	0.0127652702391591	0.00530019568692695	0.00261087803416242
mcaja_ahorro_rank	0.0117477703316907	0.00208892079063346	0.00276445909499551
ctrx_quarter	0.0111254942905965	0.00601985187385947	0.00369156427929278
mcuentas_saldo	0.0110563247929924	0.0068724414526309	0.00923359304764759
Visa_msaldototal	0.00995235918184282	0.00181013715581568	0.00276820497452802
Visa_mconsumospesos	0.00939275667058149	0.00480044029882289	0.00963252921786035
mcuentas_saldo_rank	0.00926620188222091	0.00786063314048	0.00920362601138747
mpayroll_rank_delta1	0.00906629140669571	0.00189546352803799	0.00111439916092298
cpayroll_trx	0.00894301016601013	0.00173362923718194	0.000601213664968535
ccomisiones_otras	0.0088430427668564	0.00179505456533674	0.00205086904405154
mcaja_ahorro	0.00826651205674011	0.00502200904592553	0.00780079412646089
mcuenta_corriente	0.00752806642877222	0.00760428731821228	0.00738312855858556
Visa_msaldopesos	0.0073728902674816	0.00635901987896488	0.00825966436919389
ctrx_quarter_lag1	0.00705989295112902	0.00653138130465994	0.0052760713215463
mpayroll_ratio	0.00697180313296181	0.00168962761189948	0.00101700629307761
Visa_mconsumototal	0.0062753699247164	0.00392983698750472	0.00831959844171411
mactivos_margen	0.00619855959608041	0.0081011183107611	0.0091062331435421
mrentabilidad_annual_rank_lag1	0.00576391606768655	0.00517424098196214	0.00612076715612826
numero_de_cliente	0.00569846467009663	0.00921759214158548	0.0120804614923584
Master_mfinanciacion_limite	0.00563857445239513	0.00440675825985456	0.00964751273599041
mcomisiones_mantenimiento_rank	0.00507764274156156	0.00398059042097356	0.00626498351813006
cliente_antiguedad	0.00498340960946376	0.00625483228889788	0.00970370092897812
mcuentas_saldo_base	0.00494289101310421	0.00418787248471874	0.00551018879232844
mcuenta_debitos_automaticos_rank	0.00491501217188073	0.00378196213787654	0.00409424632903806
mrentabilidad_rank	0.0049054444176428	0.00511512481094512	0.00875224752771951
cliente_edad_lag1	0.00488516400061922	0.0061877780116352	0.00799557986215163
Visa_mfinanciacion_limite	0.00481173406522198	0.00482655416273088	0.00919238837278993
mtransferencias_recibidas_rank	0.00474138000560958	0.0038991867105325	0.00735690740185796
mcomisiones_otras	0.00473454089778294	0.00345993738384274	0.00763784836679652
mrentabilidad_annual	0.00454643057398516	0.00772537347132094	0.0092111177704525
cprestamos_personales	0.00448787539164966	0.00679799183693761	0.00242920287683548
mttarjeta_visa_debitos_automaticos	0.00440876924008538	0.00309140035880192	0.00645040455498951
Master_mlimitecompra	0.00431622034962706	0.00401275576154073	0.00816414444111477
mpayroll_rank_lag2	0.00431475177433002	0.00252875604830988	0.00104697332933773
mcuentas_saldo_ratio	0.00421597064411412	0.00471210280571482	0.00793002697033263
ctarjeta_master_transacciones	0.00420643416170632	0.0012236787079445	0.00144778243931675
mtransferencias_recibidas_lag1	0.00416626606463595	0.00255261661330217	0.00422722505244231
limite_total	0.00412991214516543	0.00363877778295374	0.00755731195684747
mcomisiones_rank	0.00409022779060061	0.00419751513725555	0.00813979622415343
ccomisiones_mantenimiento_delta1	0.00407311232273349	0.00430851648735523	0.000960818100089901
Visa_mlimitecompra	0.00404902216175621	0.00467298906503681	0.00806487863350315
Visa_mpagominimo	0.00402386527428189	0.00287349242899664	0.00329450104884627
ctrx_quarter_delta1	0.00400371092699699	0.00783383026177551	0.00632679053041654
mcomisiones_otras_rank_delta1	0.00395430070124248	0.0023721799022732	0.0038563829787234
mrentabilidad_annual_rank_delta1	0.00394071958818106	0.00543124498818949	0.00635301168714414
Visa_fechaalta_lag1	0.00391018970310269	0.0051197648156212	0.00676318549595445
mactivos_margen_rank_lag1	0.00389214677938743	0.00370120079698938	0.0052629607431825
mcomisiones_mantenimiento	0.00387478719744576	0.00490172601798133	0.00445197782439317
Master_fechaalta_lag1	0.00381071309693234	0.00555316339253554	0.00736252622115673
mcaja_ahorro_rank_lag1	0.00379171222232346	0.00263702009162671	0.00471980821096794
ctarjeta_debito_transacciones	0.0037765246266334	0.00468795613055645	0.00527794426131256
mcuenta_debitos_automaticos	0.00375663598517171	0.00385920883590463	0.00412608630506443
mcuenta_corriente_rank	0.0037346000543475	0.00489185518098018	0.0074730296673659
cproductos	0.00365240618892084	0.00557199124053327	0.004407027270003
Visa_mpagominimo_lag1	0.00362007813279627	0.00393797426095651	0.00476850464489062
mpasivos_margen_lag1	0.0034781783965298	0.00289034405662312	0.00500636799520528
mpagomiscuentas	0.0034589872300292	0.00309772811603095	0.00378333832783938
Master_msaldopesos	0.00344052343572922	0.00687138896040359	0.00499700329637399
Master_Fvencimiento_lag1	0.00342936354137431	0.00443363444340763	0.00735690740185796
mactivos_margen_rank	0.00335750594914261	0.00337305380045792	0.00345557386874438
mprestamos_personales_lag1	0.0033348675906729	0.00342355315155944	0.00157326940365598
mpasivos_margen_rank_lag2	0.00332060264736513	0.00174056247577535	0.00308660473479173
mcaja_ahorro_dolares	0.00324912002672531	0.00380483310554872	0.006053341324543
chomebanking_transacciones_lag1	0.00319409804316691	0.00426081548809355	0.00561881929877135
mpasivos_margen	0.00315711001494448	0.00231802434036405	0.00318212466287084
Visa_msaldototal_lag1	0.00311605310218607	0.00277132106684566	0.00427030266706623
mcuentas_saldo_pct	0.00308471466713119	0.00231117340196927	0.00404554989511537
Visa_Fvencimiento_lag1	0.00302573958348438	0.00404089706128074	0.0064335480970932
ctransferencias_recibidas	0.00300447714956584	0.00327780076928395	0.00482843871741085
mcomisiones_otras_lag2	0.00284829291895783	0.0036970472666474	0.00360728198981121
cextraccion_autoservicio	0.0028358316461398	0.00197579534096031	0.00235241234641894
mactivos_margen_ratio	0.00282412291324359	0.00364473346638921	0.00666204674857657
chomebanking_transacciones_delta1	0.00279439160429066	0.0053564046913858	0.0050007491759065
Visa_fechaalta	0.00274974787055424	0.00345668592751575	0.00429277794426131
mcomisiones_otras_rank_lag1	0.00260811789374525	0.00205063240959402	0.00433398261911897
mrentabilidad_lag1	0.00259809461737391	0.00370488961594093	0.00490522924782739
limite_total_lag1	0.00257924059685384	0.00210963907673282	0.00441077314953551
ccomisiones_otras_lag1	0.00257337712506543	0.00283565958263972	0.00320085406053341
cliente_edad	0.00250042149240313	0.00476666054682293	0.00410361102786934
ctarjeta_visa	0.0024832269736726	0.00143856808119161	0.000550644291279592
Master_mconsumospesos	0.00246930583554543	0.00203248479867217	0.00295362601138747
Master_fechaalta	0.00245988539781073	0.00520204288859566	0.00428154030566377
Visa_mpagospesos_lag1	0.00243755277363379	0.00214438100474387	0.00461866946359005
mrentabilidad	0.00241964172825186	0.00207848375438124	0.00350988912196584
Visa_mpagominimo_delta1	0.002410341481121	0.00255540869015992	0.00459057536709619
mcomisiones_mantenimiento_rank_delta1	0.00231766740885363	0.00315153840883882	0.00235053940665268
mpasivos_margen_delta1	0.00231649648000344	0.00339480412161754	0.00470669763260414
mcaja_ahorro_dolares_rank_lag1	0.00230598970000589	0.00166862270783202	0.00316526820497453
mprestamos_personales	0.00229284139748406	0.00349554224884175	0.00117620617320947
ctarjeta_visa_transacciones_lag1	0.00226675398015699	0.00176732654389697	0.00336379982019778
Visa_mpagospesos_delta1	0.00221943566890013	0.00312545406999107	0.00436394965537908
mrentabilidad_delta1	0.00220109514430096	0.00278818840006316	0.00489399160922985
mcaja_ahorro_ratio	0.00220084391316746	0.00216014745945597	0.00440140845070423
mrentabilidad_annual_rank	0.0021866985058884	0.00338242836980032	0.00346119268804315
mcomisiones_lag1	0.00217989774266285	0.00350571871011514	0.00446321546299071
Visa_cconsumos_delta1	0.00216871554549086	0.00189638457208555	0.0028300119868145
mpayroll_lag1	0.00213177052941446	0.000811737123980731	0.000447632604135451
mextraccion_autoservicio_rank	0.0021256444810407	0.0019477349268276	0.00312219059035061
Visa_cconsumos	0.00209993072022037	0.00146356108095761	0.00287121666167216
mpagomiscuentas_rank	0.00207690039819591	0.00234433544908481	0.00328326341024873
mcuentas_saldo_lag2	0.00206129940741463	0.00212768208043878	0.00355296673658975
mcaja_ahorro_lag2	0.00204404969850166	0.00196896163156259	0.00350052442313455
mrentabilidad_annual_lag2	0.0020353282738562	0.00338686474586683	0.00424595445010488
mcomisiones_delta1	0.00199368131672703	0.00218124739504411	0.0043808061132754
Visa_cconsumos_lag1	0.00199161734202886	0.00234896954149453	0.00377584656877435
mpayroll_lag2	0.00197100665161246	0.00269169647704938	0.00101513335331136
cliente_antiguedad_lag2	0.0019462898184943	0.00263539327531603	0.0041185945459994
mautoservicio_rank_lag1	0.00193442707150439	0.00111985085933632	0.00276071321546299
mtransferencias_emitidas_rank_lag1	0.00191316736376564	0.00118361171406231	0.00231308061132754
Visa_Fvencimiento	0.00189833044274971	0.00252533665460093	0.00429839676356008
Master_Fvencimiento	0.00189526613627988	0.00447109282204718	0.00449318249925082
ctarjeta_visa_transacciones	0.00188855783518105	0.00189542533407185	0.00229247827389871
mprestamos_personales_delta1	0.00188259470668806	0.00461798797649463	0.00146651183697932
chomebanking_transacciones	0.00187823490757789	0.00398390172539563	0.00354547497752472
mcaja_ahorro_rank_delta1	0.00187680923172362	0.00240470367852256	0.0042890320647288
Visa_mpagospesos	0.00185835344938348	0.00158683691264332	0.00328139047048247
mtransferencias_emitidas_lag1	0.00184205890218206	0.00153842038406544	0.00260338627509739
matm	0.00183240533847123	0.00124468992326562	0.00199655379083009
mcomisiones_mantenimiento_lag1	0.00181019436625295	0.00142053628540164	0.000964563979622415
mpayroll_pct	0.00180167878156149	0.00121210194633244	0.000739811207671561
mcuentas_saldo_delta1	0.00178558001830654	0.00258862304088341	0.00218197482768954
mtransferencias_recibidas_delta1	0.0017833660636443	0.00200688740568897	0.00355671261612227
Visa_msaldototal_delta1	0.00170891757152423	0.00193125627978399	0.00375899011087803
mcuentas_saldo_rank_delta1	0.00170372764704712	0.00452811423719311	0.00384701827989212
mtransferencias_recibidas	0.00170231982923958	0.00161934871927366	0.00274947557686545
ctarjeta_master	0.00168218331318258	0.000359445011250358	0.00027906802517231
mcuenta_corriente_lag2	0.00167763518186497	0.00348662865491779	0.00312780940964939
mautoservicio_rank_delta1	0.0016518585889532	0.00316416766267819	0.00288058136050345
mactivos_margen_rank_delta1	0.00164485975782525	0.00257507782101667	0.00442388372789931
mttarjeta_visa_debitos_automaticos_rank_lag1	0.00162939453402012	0.00132628997173013	0.00323269403655978
Visa_msaldopesos_lag2	0.00162644714172206	0.00185640774933328	0.00269703326341025
ctransferencias_emitidas	0.00162395072628163	0.00227151188799916	0.00341811507341924
mextraccion_autoservicio_lag1	0.00161681226204405	0.00102633026729296	0.00166504345220258
cpayroll_trx_lag1	0.00161630683890815	0.00106723847149102	0.000619943062631106
Master_mconsumototal	0.00159777773443919	0.00197427422001271	0.00276071321546299
mcuentas_saldo_rank_lag2	0.00157631616292889	0.00216474397451629	0.0033413245430027
mcomisiones_mantenimiento_rank_lag2	0.00156154517570019	0.00201388767414888	0.00224003596044351
mcomisiones_rank_lag2	0.00153198077791612	0.00281630688498389	0.00338252921786035
ctarjeta_visa_transacciones_delta1	0.00152159867635799	0.00435122731617723	0.00257903805813605
mprestamos_personales_rank_delta1	0.00151467953184245	0.00741895278416792	0.00156577764459095
Master_mfinanciacion_limite_lag2	0.00150064479847418	0.00200240884578332	0.00326640695235241
mactivos_margen_lag2	0.00149174261595009	0.00239044753582937	0.00327202577165118
mcaja_ahorro_dolares_rank_delta1	0.00148082235810837	0.00270633713468559	0.00282064728798322
mcomisiones_mantenimiento_lag2	0.00147890965661363	0.00212282085544032	0.00138597542703027
mcomisiones_mantenimiento_delta1	0.00147143705635402	0.000850694570451636	0.000483218459694336
mtransferencias_recibidas_rank_delta1	0.00147109370282898	0.00168123125060333	0.00286559784237339
mcaja_ahorro_pct	0.00145654410363895	0.00171714496804455	0.00334881630206773
mrentabilidad_rank_lag2	0.00145310448329961	0.00230343446292973	0.00314279292777944
tmobile_app	0.00143091014768893	0.00784221254970142	0.000812855858555589
mtarjeta_visa_consumo_rank_delta1	0.00142783754930544	0.00172843975444984	0.00198344321246629
Master_status	0.00141619937086622	0.00346502889705677	0.000537533712915793
mtransferencias_emitidas	0.00140843299744343	0.00138010548764448	0.0018823044650884
mtransferencias_emitidas_delta1	0.00139080972172556	0.00205323884854229	0.00228311357506743
mactivos_margen_pct	0.00137703684472585	0.00179533135370861	0.00318587054240336
mautoservicio_delta1	0.00137658287365656	0.0019148235888231	0.00256967335930477
Visa_mfinanciacion_limite_lag2	0.00134560224673027	0.00204632719153468	0.00289369193886725
tcallcenter	0.00134400751528822	0.00508503253584852	0.00100951453401259
mcuenta_corriente_rank_delta1	0.00133800644766792	0.0022674360150945	0.00299295774647887
ctarjeta_visa_debitos_automaticos_lag1	0.00131977460987996	0.00110326107619372	0.00183360803116572
mtarjeta_visa_consumo_lag2	0.00131198600127249	0.00120185874536515	0.00237301468384777
mcomisiones_otras_rank	0.0012914735299454	0.00141430537327193	0.00311095295175307
Master_msaldototal_lag1	0.00128171174956955	0.00159207547081339	0.00185421036859455
matm_rank	0.00127407215980947	0.000689321291285596	0.000908375786634702
mcuenta_corriente_lag1	0.0012677414382095	0.0020782194434304	0.00155079412646089
mcaja_ahorro_dolares_delta1	0.0012604803383798	0.00273519207762001	0.00134664369193887
Visa_mconsumospesos_lag2	0.00125502979446659	0.00166071477953491	0.00277007791429428
mcuenta_corriente_rank_lag2	0.0012506374536835	0.00183226604338039	0.00263148037159125
mtransferencias_recibidas_rank_lag2	0.0012445814167392	0.00147901360520732	0.00271950854060533
mcaja_ahorro_dolares_rank	0.00123627351578418	0.00123012449287135	0.00191039856158226
mautoservicio_lag1	0.00123088701999604	0.00104166033871297	0.00253221456397962
Visa_mlimitecompra_lag2	0.00122778393394839	0.00230496817011308	0.00269890620317651
mttarjeta_visa_debitos_automaticos_lag2	0.0012217146710197	0.00107328701015281	0.00227936769553491
cliente_antiguedad_lag1	0.00121364844733752	0.00142430428519656	0.00212204075516931
mtarjeta_master_consumo	0.0012123890319466	0.00109923163090221	0.00100764159424633
mcaja_ahorro_dolares_lag2	0.00120498418758239	0.00154494215793726	0.00230371591249625
cliente_edad_lag2	0.00119292656381929	0.00171349310982567	0.00184484566976326
Master_mlimitecompra_lag2	0.00119250589452129	0.00145747812057326	0.00242171111777045
mttarjeta_visa_debitos_automaticos_rank_delta1	0.00119183972314497	0.0012155894217835	0.00211642193587054
Visa_mconsumototal_lag2	0.00118455406519524	0.00134398792396425	0.00250599340725202
mcomisiones	0.00118356723842237	0.00122385868748863	0.00256592747977225
cpagomiscuentas_lag1	0.00117317592806225	0.000759712516972306	0.00128109080011987
mtarjeta_master_consumo_rank_lag1	0.00117312218600788	0.000725866859524612	0.000908375786634702
Visa_mpagado	0.00117039286598658	0.0022330741768946	0.00229997003296374
ccomisiones_mantenimiento_lag1	0.00115681117423611	0.00493182329855498	0.00142343422235541
ccaja_seguridad	0.00115654526420347	0.00715111888428358	0.000766032364399161
mrentabilidad_rank_delta1	0.00112820054063865	0.00163408451724527	0.00259402157626611
Visa_msaldopesos_lag1	0.00112550175528344	0.00106064984911057	0.00150397063230447
mrentabilidad_annual_delta1	0.00112001469338067	0.00365462675549391	0.00233181000899011
thomebanking	0.00111857977483738	0.00665465597565531	0.00127921786035361
mcaja_ahorro_delta1	0.0011118024205925	0.0007158904359751	0.00145527419838178
mtarjeta_visa_consumo_delta1	0.00109239802306746	0.00104609486492926	0.0012099190890021
mextraccion_autoservicio_rank_delta1	0.00107926635541601	0.00171845096229401	0.00209581959844171
mcuentas_saldo_lag1	0.00107743890193569	0.00152578387591151	0.00211454899610429
mpasivos_margen_rank_lag1	0.00106568579615588	0.00104436427564887	0.00167628109080012
mpasivos_margen_lag2	0.00105966864027155	0.000583141992885771	0.000972055738687444
Master_fechaalta_lag2	0.00105149164715368	0.000978308409698477	0.00133915193287384
mcuenta_corriente_delta1	0.00104987577563344	0.00295461960496684	0.00167815403056638
mprestamos_personales_rank_lag2	0.00104845279950546	0.00180009072813071	0.00100389571471381
mautoservicio_rank	0.00101841559164857	0.00105357863345431	0.00197782439316752
mtarjeta_visa_consumo_rank_lag2	0.0010154364053097	0.000929922711957457	0.00191789032064729
mrentabilidad_rank_lag1	0.00101370338760525	0.00115297601826235	0.00163694935570872
mpasivos_margen_rank_delta1	0.00100558867155478	0.00157175983544344	0.00257341923883728
mtransferencias_emitidas_rank_delta1	0.00100515480322543	0.00157064263473029	0.00177367395864549
ctarjeta_debito_transacciones_lag2	0.00100203875082993	0.00103353260468482	0.00194973029667366
cproductos_delta1	0.000994666784548476	0.00409031417746528	0.000498201977824393
ccaja_ahorro	0.000983629293967101	0.00337642781842932	0.000464489062031765
Master_mpagominimo_lag1	0.000983052855875953	0.00150629570393135	0.00174932574168415
mcomisiones_rank_lag1	0.000965947654533478	0.000627888418643657	0.00133353311357507
Visa_mconsumosdolares_lag1	0.000965696024703612	0.00278770722137868	0.00166691639196883
cplazo_fijo	0.000929924860544926	0.00489553863173896	0.000799745280191789
Visa_status	0.000929083527853976	0.00325498649408002	0.000365223254420138
ccallcenter_transacciones	0.00092498756295174	0.00242089501843819	0.000475726700629308
Visa_mpagosdolares	0.000924951110022282	0.00108248323217186	0.00145527419838178
mprestamos_personales_rank_lag1	0.000920298451214996	0.00112433380810227	0.000524423134551993
Master_msaldopesos_lag2	0.000918679750392517	0.00188796118846768	0.00127172610128858
Visa_mconsumospesos_lag1	0.000912532478978849	0.000825009146361302	0.00164444111477375
mactivos_margen_lag1	0.000907075382305876	0.0010611608067563	0.00153768354809709
mcomisiones_rank_delta1	0.000903599581870534	0.00125088967811432	0.00200779142942763
mrentabilidad_annual_lag1	0.000893753781599881	0.00131589994343623	0.00187668564578963
mcaja_ahorro_lag1	0.000892108840846741	0.000881348039322262	0.00171748576565778
Visa_msaldopesos_delta1	0.000886667327107267	0.000668001803867433	0.0013672460293677
ctarjeta_debito_lag1	0.000886323312639772	0.00153049468269766	0.00182424333233443
Master_msaldototal	0.000884890968809831	0.00245124210133356	0.00194973029667366
Visa_mconsumototal_delta1	0.000880441259814236	0.000777188378366303	0.00171186694635901
mttarjeta_visa_debitos_automaticos_rank	0.000878278470770706	0.00119402292495472	0.00197969733293377
mcuenta_debitos_automaticos_lag2	0.000877379660556417	0.000886698894281655	0.00155641294575966
Master_mpagospesos_delta1	0.000874679418111153	0.00100220321505547	0.00129982019778244
Visa_fultimo_cierre_lag1	0.000872485683477498	0.000925603311713159	0.00161634701827989
Master_mpagominimo	0.000867879572914669	0.00163828784845668	0.00148524123464189
ccallcenter_transacciones_delta1	0.000864906322203937	0.00281781433154855	0.00108255918489661
ccajas_transacciones	0.000863841730612088	0.00237598649502156	0.000904629907102188
mtarjeta_master_consumo_rank	0.000863601718471065	0.00110058278325978	0.000930851063829787
Visa_status_delta1	0.000855652406030475	0.00358069926909076	0.000471980821096794
cprestamos_personales_lag1	0.000845820878133911	0.00106605950028944	0.000468234941564279
Master_status_delta1	0.000844945120859088	0.00333186340342364	0.000488837278993108
mrentabilidad_annual_rank_lag2	0.000839230842028063	0.00105577121375718	0.00143841774048547
Visa_mconsumospesos_delta1	0.000837323674915177	0.000755600227408572	0.00177929277794426
mcaja_ahorro_dolares_lag1	0.000832404627347338	0.000783423570541602	0.0013148037159125
Master_mpagospesos_lag1	0.00082598746812302	0.00153277300899858	0.00166691639196883
mcuentas_saldo_rank_lag1	0.000824711372910145	0.00137633868481146	0.00187481270602337
mcuenta_debitos_automaticos_rank_lag2	0.000821305245690097	0.000755843355760905	0.00135226251123764
Visa_mconsumototal_lag1	0.000814853829863151	0.000789056473250919	0.00156390470482469
Visa_mconsumosdolares	0.00081310662975486	0.00115610723432557	0.00140845070422535
Master_mfinanciacion_limite_lag1	0.000801888236389594	0.00120906833707156	0.00185795624812706
mtransferencias_emitidas_rank	0.000793813774163009	0.0010015790538311	0.00161447407851364
Visa_mlimitecompra_lag1	0.00078716143270957	0.000968250774097514	0.00167253521126761
Visa_mlimitecompra_pct1	0.000780755198469539	0.00153796024289317	0.00122115672759964
ccomisiones_mantenimiento	0.000778189837001872	0.00248403951032796	0.000717335930476476
mpagomiscuentas_rank_lag2	0.000775836968671388	0.00117168050664106	0.00155266706622715
Master_msaldototal_delta1	0.000774875875007462	0.0010933615483785	0.00155828588552592
Master_fultimo_cierre_lag1	0.000771726215298222	0.000788651609955568	0.00163882229547498
Visa_mfinanciacion_limite_lag1	0.000771040099261787	0.000838222807781272	0.00155454000599341
mactivos_margen_delta1	0.00076344275261722	0.00107613095535963	0.00165005993407252
ccuenta_debitos_automaticos	0.000760237930796978	0.000774304026627404	0.000741684147437818
Master_mpagospesos	0.000757149218038915	0.00104660480697095	0.0011836979322745
cproductos_lag2	0.000754334880002552	0.00146832981344548	0.00133166017380881
mcomisiones_otras_lag1	0.000752219438997009	0.000963767970417851	0.0011836979322745
ctransferencias_recibidas_lag2	0.000751932539204415	0.000874339210771176	0.00144778243931675
mpagomiscuentas_lag2	0.000751844565576855	0.00113728627792667	0.00151520827090201
ctarjeta_visa_transacciones_lag2	0.000745811373082912	0.00044435690821053	0.000762286484866647
mextraccion_autoservicio_rank_lag2	0.000741921511610991	0.000737218592299156	0.00112001798022176
Master_fultimo_cierre	0.000736973027376444	0.0024093783950938	0.00157139646388972
Visa_mconsumosdolares_delta1	0.000733363819217933	0.00179779934406359	0.00136350014983518
mtarjeta_visa_consumo_lag1	0.000720093097824389	0.000528991654083104	0.00095519928079113
mrentabilidad_lag2	0.000717138002091294	0.000874336635489509	0.00123239436619718
mextraccion_autoservicio_delta1	0.00071071646965828	0.00111801054854827	0.00124175906502847
mcomisiones_mantenimiento_rank_lag1	0.000708470429206188	0.000870421336837533	0.00105446508840276
mtarjeta_visa_consumo_rank_lag1	0.000703631977772651	0.000511038349976626	0.00107694036559784
Master_mpagominimo_delta1	0.000696264737915323	0.00100357377270447	0.00125486964339227
mtarjeta_master_consumo_lag1	0.000689136048903842	0.000892608476548124	0.000940215762661073
active_quarter	0.000681410660384978	0.00147005575996456	0.00042890320647288
matm_rank_lag1	0.000673734503538279	0.000882884611959867	0.00115934971531316
mcaja_ahorro_rank_lag2	0.000673309871612634	0.000652237271548687	0.00112563679952053
mcuenta_debitos_automaticos_rank_delta1	0.00067009253226686	0.00229724040271796	0.00116309559484567
mtransferencias_recibidas_rank_lag1	0.000665277052317168	0.000562349132432775	0.0012099190890021
mpagomiscuentas_rank_delta1	0.000662440413842147	0.00106901233275774	0.00113312855858556
cdescubierto_preacordado_delta1	0.000650510279031857	0.0065804418350125	0.000560008990110878
matm_other	0.000645620019811098	0.000795029712127614	0.000925232244531016
mautoservicio_rank_lag2	0.000644875302074303	0.000335224305811954	0.00081847467785436
cpayroll_trx_lag2	0.000633725394819581	0.000263493607214116	0.000138597542703027
mcomisiones_lag2	0.000629274407623147	0.00083246175760533	0.00107132154629907
cdescubierto_preacordado	0.000626941103418969	0.00333341361417261	0.000350239736290081
mttarjeta_master_debitos_automaticos_rank	0.000626459795441092	0.00101749244468453	0.000775397063230447
mcuenta_corriente_rank_lag1	0.000625990441368049	0.00128967026439636	0.00147962241534312
Master_mlimitecompra_lag1	0.000623951783419451	0.00096555800880603	0.00152270002996704
matm_other_rank	0.000621371116459481	0.000700379188049064	0.000925232244531016
mcomisiones_otras_rank_lag2	0.000613969470695289	0.000984023685149573	0.00118557087204076
ccomisiones_otras_lag2	0.000611746944344493	0.000777991032000313	0.000908375786634702
Master_Fvencimiento_lag2	0.000605208995644182	0.000944524450196078	0.00138410248726401
mpayroll_delta1	0.000602002900857138	0.00106259629052057	0.000382079712316452
Visa_mpagominimo_lag2	0.000595671707023335	0.00143668098007468	0.00121928378783338
mextraccion_autoservicio	0.000578441559627113	0.000807394509929855	0.000975801618219958
ctrx_quarter_lag2	0.000575413072611799	0.00116527893676143	0.0011968085106383
Master_fultimo_cierre_delta1	0.000574476151016723	0.000309941242278448	0.00108255918489661
mpagomiscuentas_rank_lag1	0.000573233229050462	0.00105143070345753	0.000685495954450105
matm_lag2	0.000572177984127499	0.00066302733901876	0.000869044051543303
ctransferencias_recibidas_lag1	0.000565955892927447	0.000481675858924324	0.000794126460893018
ccomisiones_otras_delta1	0.000564140064957195	0.00104124999841013	0.00134477075217261
Visa_fechaalta_lag2	0.00056299079717311	0.000860702332640029	0.00117995205274198
catm_trx_lag1	0.000562919308679255	0.000483799269337908	0.000878408750374588
internet	0.000546252891432624	0.00546497348845711	0.000981420437518729
mcomisiones_otras_delta1	0.000538415600115399	0.000785329714234245	0.0013934671860953
Master_cconsumos_delta1	0.000531053561652335	0.000432344307379965	0.000741684147437818
ctarjeta_debito_transacciones_delta1	0.000530141203247289	0.000549496191804084	0.000676131255618819
mactivos_margen_rank_lag2	0.000529238741211675	0.000830195582281291	0.00114623913694936
Visa_fultimo_cierre	0.000529108774114236	0.000565232178395054	0.0012099190890021
Master_mpagado	0.00052619896849602	0.00111734851980192	0.00087091699130956
mttarjeta_visa_debitos_automaticos_lag1	0.000520962807393452	0.000457048331525639	0.00106944860653281
mtransferencias_recibidas_lag2	0.000514727212782729	0.000481091378800575	0.0010525921486365
cproductos_lag1	0.000499688509711813	0.00108043156692923	0.000897138148037159
ctransferencias_emitidas_lag2	0.00048578347224037	0.00044009949608411	0.000912121666167216
chomebanking_transacciones_lag2	0.000483229417975836	0.00138347199740032	0.00124175906502847
Master_mconsumototal_lag2	0.00047709206783428	0.000988131259408845	0.000816601738088103
ccaja_ahorro_lag1	0.000472198646271503	0.0016154259486777	0.000648037159124963
Visa_msaldototal_lag2	0.000471445656431339	0.000681557760119712	0.000874662870842074
ccuenta_debitos_automaticos_lag1	0.00047017109308366	0.000577109994061175	0.000885900509439616
cmobile_app_trx_lag1	0.000469946106868814	0.00264903439722119	0.00107694036559784
Master_cconsumos	0.000468918298002893	0.000537492513780424	0.000872789931075817
matm_rank_delta1	0.000467910115482697	0.000716375423174718	0.000893392268504645
mtarjeta_master_consumo_delta1	0.000467245113995479	0.000711091489267101	0.00064991009889122
ctarjeta_master_delta1	0.00046621952566567	0.00293048838149848	0.000333383278393767
Master_cconsumos_lag1	0.000464634637462364	0.000545294021283006	0.000891519328738388
ccajas_consultas_delta1	0.000463743190217257	0.00383503162008198	0.000631180701228649
Master_mconsumospesos_lag2	0.000460227951736991	0.000896203896199768	0.000809109979023075
cextraccion_autoservicio_lag2	0.000454434956349838	0.000903639242175154	0.000790380581360504
cpagomiscuentas	0.000451382657169037	0.000645452891489952	0.000741684147437818
ctarjeta_debito_transacciones_lag1	0.00044786297673675	0.000430933959815629	0.000887773449205874
ctarjeta_visa_debitos_automaticos	0.000442776188166723	0.000775249735344451	0.00104884626910399
Visa_Fvencimiento_lag2	0.000439852566840346	0.00063252722635784	0.00110690740185796
mes	0.000439286235046726	0.00050718674420645	0.00108443212466287
mplazo_fijo_dolares_rank_delta1	0.000436111398564826	0.0038846663657032	0.000681750074917591
mttarjeta_visa_debitos_automaticos_delta1	0.000435703368032609	0.000445588944723089	0.000739811207671561
cpayroll_trx_delta1	0.000432466285305974	0.000365552926476778	0.000185421036859455
Visa_mpagado_lag2	0.000429684131626361	0.000496355000699254	0.000743557087204076
mpagomiscuentas_lag1	0.00042870133649286	0.000717841556417987	0.000593721905903506
mtransferencias_emitidas_lag2	0.0004276981250246	0.000283762742427766	0.000546898411747078
cprestamos_personales_delta1	0.000426910964652626	0.00061157176044408	0.000129232843871741
mextraccion_autoservicio_rank_lag1	0.000423987086485682	0.000393783563100536	0.000498201977824393
Master_mpagosdolares	0.000422975481323369	0.000388076702654324	0.000567500749175907
mplazo_fijo_dolares_delta1	0.00042083192823506	0.00340857524083954	0.000599340725202278
ctarjeta_debito	0.000419336092072071	0.00120397377704542	0.000994531015882529
mttarjeta_visa_debitos_automaticos_rank_lag2	0.000416014582299286	0.000409676750687927	0.000827839376685646
mcaja_ahorro_dolares_rank_lag2	0.00041258814319407	0.000429207324136666	0.000769778243931675
cprestamos_personales_lag2	0.000411539776294164	0.00140364399734207	0.000679877135151334
mcuenta_debitos_automaticos_lag1	0.000408203327568182	0.000701088478654742	0.000653655978423734
Master_msaldopesos_lag1	0.000407016727536564	0.000528051857632419	0.000715462990710219
mplazo_fijo_dolares	0.000401778809945143	0.00231036080992432	0.000533787833383278
ctarjeta_master_transacciones_lag2	0.000396787963748168	0.000304589444258163	0.000586230146838478
ccajas_otras	0.000380368287316645	0.00477891054509733	0.000535660773149535
Visa_fechaalta_delta1	0.000377493289410767	0.000118251856140192	0.000387698531615223
mautoservicio_lag2	0.000361826411829279	0.000443108767119658	0.000719208870242733
limite_total_delta1	0.000361642034018175	0.000784035109258644	0.000840949955049446
cseguro_vivienda	0.00036075760154464	0.000879901891715594	0.000781015882529218
Visa_cconsumos_lag2	0.000359919733919833	0.000723710478251372	0.000751048846269104
Master_mlimitecompra_pct1	0.000359563004502243	0.000738844864536242	0.000812855858555589
minversion1_pesos	0.000358742552156031	0.00499004555666088	0.000711717111177705
Visa_fultimo_cierre_delta1	0.000358389337654678	0.000240069897044369	0.000852187593646988
mttarjeta_master_debitos_automaticos	0.000355142182167118	0.000599085235243595	0.000709844171411447
Visa_mpagospesos_lag2	0.000354443710912464	0.000598044676363733	0.000809109979023075
Master_mconsumototal_lag1	0.00034741858167553	0.000365528950967172	0.000466362001798022
mextraccion_autoservicio_lag2	0.000346287238884638	0.00032227901775897	0.000408300869044052
matm_delta1	0.000343509475293861	0.000379770149772377	0.000427030266706623
Master_msaldodolares_lag1	0.000343399737910203	0.000305047010148761	0.000164818699430626
tmobile_app_delta1	0.000343350112015206	0.00311122846796216	0.000368969133952652
tcallcenter_delta1	0.000341587718976213	0.000365583140696903	0.000170437518729398
ccajas_consultas	0.000341128128654653	0.00240552856663069	0.000327764459094996
catm_trx	0.000334811367310218	0.000541844159452921	0.000456997302966737
mcuenta_debitos_automaticos_rank_lag1	0.000330679456717766	0.000564737470413932	0.000621816002397363
Visa_cadelantosefectivo	0.000329328238718514	0.000272126205263766	0.000419538507641594
mtarjeta_master_consumo_rank_delta1	0.000324574746443224	0.000998270034518113	0.000717335930476476
cextraccion_autoservicio_lag1	0.000312325066985335	0.000271523879526211	0.000430776146239137
Master_msaldopesos_delta1	0.000310122791903304	0.000407246482768638	0.000490710218759365
tiene_spike_saldo	0.000305673623758112	0.000220318248359546	0.000678004195385076
Visa_delinquency	0.000304624181986997	0.000513349393236193	0.00033151033862751
Master_Fvencimiento_delta1	0.000293085319413705	0.000565146105952852	0.000520677255019479
ctransferencias_emitidas_lag1	0.000290203149193259	0.000210653578978063	0.000412046748576566
cpagomiscuentas_delta1	0.000287782550712574	0.000433235717552564	0.000550644291279592
catm_trx_other_lag1	0.000286110493991289	0.000458542538966239	0.000387698531615223
mpayroll_rank_lag1	0.000283384470025969	0.00072102192046233	0.000383952652082709
Master_mconsumospesos_lag1	0.000280232689771583	0.000389430647922991	0.000516931375486964
Visa_msaldodolares	0.000280161970084572	0.000890080928270645	0.000505693736889422
Master_mpagominimo_lag2	0.000279390917496154	0.000307349094329851	0.00041579262810908
catm_trx_delta1	0.000279122612616103	0.000892446052445223	0.000591848966137249
Visa_msaldodolares_lag1	0.000271847398954398	0.00110787434872067	0.000546898411747078
matm_other_rank_delta1	0.000271841043224029	0.000532352142757863	0.000477599640395565
ctarjeta_visa_debitos_automaticos_delta1	0.000270951806665801	0.000364999386004609	0.000537533712915793
ccaja_seguridad_lag2	0.000269788184276595	0.00111615297249158	0.00019478573569074
mcuenta_debitos_automaticos_delta1	0.000269281658757242	0.000961217970036821	0.000378333832783938
ctransferencias_recibidas_delta1	0.000264931744176547	0.000642570607230701	0.000657401857956248
Visa_msaldodolares_delta1	0.000264797235024282	0.00120411215309557	0.000584357207072221
Visa_Fvencimiento_delta1	0.00026140282269554	0.000774032171189431	0.000567500749175907
Master_mconsumospesos_delta1	0.000257526086016639	0.000301430045182887	0.000462616122265508
Master_msaldototal_lag2	0.00025653273193841	0.000500393695241821	0.000406427929277794
ccomisiones_mantenimiento_lag2	0.000255666700949212	0.000395331887727721	0.000333383278393767
Master_mlimitecompra_delta1	0.000254751606641889	0.00148745719209122	0.000468234941564279
mprestamos_personales_lag2	0.000253987541111492	0.000607507349356414	0.000335256218160024
Master_madelantodolares	0.000243220228956524	0.000150291842151839	0.000309035061432424
thomebanking_lag2	0.000242510321071908	0.000391920836480509	0.000627434821696134
Master_mconsumosdolares	0.000239496980552	0.000525370880602088	0.000264084507042254
Visa_status_lag1	0.000237868517327555	0.00488991298334419	0.000423284387174108
Master_cadelantosefectivo	0.000237837675255035	0.000110319517074598	0.000230371591249625
mpagomiscuentas_delta1	0.000234648776185479	0.000442205169698606	0.000479472580161822
mttarjeta_master_debitos_automaticos_lag2	0.000233877375615672	0.000374930832803876	0.000357731495355109
Visa_mconsumosdolares_lag2	0.000233440676209589	0.00122250274728346	0.000410173808810309
Master_status_lag1	0.00023190407655285	0.00406017805003719	0.000382079712316452
cmobile_app_trx	0.000231460931930783	0.00151394701085106	0.000434522025771651
mplazo_fijo_dolares_lag1	0.000229011355589157	0.000853943125052802	0.000438267905304165
mplazo_fijo_dolares_rank	0.000228970971242425	0.00192518006591218	0.000449505543901708
Visa_madelantodolares	0.000224130699840571	0.000133604561021614	0.00031839976026371
cdescubierto_preacordado_lag1	0.000224088254297594	0.00129549344777647	0.000453251423434222
mttarjeta_master_debitos_automaticos_rank_lag2	0.000222629287341424	0.00032505372053336	0.000397063230446509
catm_trx_other	0.000222157865264907	0.00043882135840255	0.000301543302367396
ccallcenter_transacciones_lag1	0.000221014970531228	0.000906594722468272	0.000451378483667965
Master_mconsumototal_delta1	0.000219104522870613	0.000244819042882943	0.000391444411147738
Master_delinquency	0.000218436358981731	0.00022090737124461	0.000314653880731196
mtransferencias_emitidas_rank_lag2	0.000218056766056523	0.000371776983279235	0.000507566676655679
mplazo_fijo_dolares_rank_lag1	0.000217777009582534	0.000442784172814865	0.000314653880731196
Visa_mlimitecompra_delta1	0.00021367381009412	0.000297642603824955	0.000335256218160024
ccajas_consultas_lag1	0.000208556267311804	0.000459676098158705	0.00019478573569074
mtarjeta_visa_descuentos	0.000202375502018344	0.00169972590793353	0.000475726700629308
ccuenta_debitos_automaticos_delta1	0.000196009301474447	0.00147906391387876	0.000365223254420138
ctarjeta_visa_debitos_automaticos_lag2	0.000194095811146337	0.000222370131231612	0.00044201378483668
ccajas_extracciones_delta1	0.000193107659655313	0.000315391880334554	0.000134851663170512
Master_mfinanciacion_limite_delta1	0.000192149710148485	0.000304760247094376	0.000325891519328738
ctransferencias_emitidas_delta1	0.00019150837449742	0.000316485178081236	0.000295924483068625
ctarjeta_debito_lag2	0.000190831928842333	0.000234214214335048	0.000340875037458795
Visa_cadelantosefectivo_delta1	0.00019062485444612	1.12107451711557e-05	3.37129157926281e-05
Master_fechaalta_delta1	0.000188328514593398	0.000145001596990559	0.000443886724602937
mtarjeta_master_consumo_rank_lag2	0.000187614011620197	0.000411739877747553	0.000324018579562481
internet_lag1	0.000186616050486676	0.00225525101547852	0.000288432724003596
matm_other_lag2	0.000184851702900517	0.00032546195708498	0.000352112676056338
cmobile_app_trx_lag2	0.000180886179603597	0.000868629267241278	0.000303416242133653
matm_lag1	0.000178966336855534	0.000176641144838735	0.000303416242133653
matm_other_rank_lag2	0.000177764140067194	0.000314733623831775	0.000320272700029967
ccaja_seguridad_lag1	0.000169756212162665	0.000902196467824754	0.000131105783637998
cpagomiscuentas_lag2	0.000169701808994363	0.000248661218044198	0.000348366796523824
ctarjeta_master_transacciones_lag1	0.000164959293834958	0.000101738243300429	0.000198531615223254
Visa_mpagado_lag1	0.000161447995823418	0.000190532214151912	0.000303416242133653
Master_mpagado_lag1	0.00015742466645928	0.000353138980693422	0.00013672460293677
thomebanking_lag1	0.000152619493445167	0.000371482313021984	0.000324018579562481
ctarjeta_master_debitos_automaticos_lag1	0.000151750464158487	0.000978151063615765	0.000339002097692538
matm_rank_lag2	0.00015046550085552	0.000121324239712374	0.000217261012885826
Visa_mpagosdolares_lag2	0.000147454001702339	0.000160782052529755	0.000258465687743482
Visa_madelantopesos	0.000143930868849102	0.000105249911890528	0.000144216362001798
cinversion2	0.000142996717356479	0.00169508757174979	0.000301543302367396
mcheques_emitidos_rank	0.000137254195420299	0.00172393609461582	0.00027906802517231
catm_trx_other_delta1	0.000136916039136591	0.000249357704784686	0.000230371591249625
ccuenta_debitos_automaticos_lag2	0.000132454958280367	0.000118587658360973	0.000198531615223254
mttarjeta_master_debitos_automaticos_rank_delta1	0.000130963265744249	0.000893396621553023	0.000309035061432424
cseguro_accidentes_personales_lag1	0.000130830131562845	0.000172115359345329	0.000282813904704825
Master_fultimo_cierre_lag2	0.000129124656206631	0.000186420287303906	0.00030528918189991
Master_mpagospesos_lag2	0.000126519990214153	0.000231541071964437	0.000265957446808511
tmobile_app_lag1	0.000124611016948718	0.00194133625867379	0.000215388073119569
cextraccion_autoservicio_delta1	0.000124213466895422	0.000265911651613378	0.000256592747977225
mtarjeta_master_consumo_lag2	0.000123837284996052	0.000467247498803582	0.000284686844471082
Visa_mfinanciacion_limite_delta1	0.000123712064423819	0.000290383537693271	0.000307162121666167
ccaja_ahorro_delta1	0.000123123695309969	0.00359234552703627	0.000316526820497453
cliente_edad_delta1	0.000119500180771046	0.000760678392683818	0.000329637398861253
cseguro_vida	0.000116709227617914	0.000222268099297386	0.000286559784237339
tcuentas_lag1	0.000116033309258419	0.00231243042959547	0.00033151033862751
foto_mes	0.000114774800533787	0.000122254678097281	0.000256592747977225
mes_cat	0.000114072120219354	0.000175616545450895	0.000324018579562481
Master_msaldodolares	0.000113646549417969	0.000911185397805378	0.000202277494755769
matm_other_rank_lag1	0.000112912312264477	0.000250021075579227	0.000211642193587054
mcheques_depositados_lag1	0.000111300184839677	0.000993170432743355	0.000191039856158226
Visa_fultimo_cierre_lag2	0.000103557551096202	0.000265516182655377	0.000301543302367396
mcheques_emitidos	0.000102450511008843	0.000917549535421904	0.000151708121066826
Visa_mpagado_delta1	0.000101517011146266	0.000574742330876502	0.00031839976026371
tcuentas	0.00010077437454277	0.00148918081722964	0.000192912795924483
catm_trx_lag2	0.000100357073443957	0.000160554303324281	0.000189166916391969
Master_cancelada	0.000100077833693104	6.65864465169902e-05	9.36469883128559e-05
minversion2	9.88877669997826e-05	0.00131769527747404	0.000174183398261912
matm_other_delta1	9.77955369979843e-05	0.000454838449682552	0.000243482169613425
mprestamos_prendarios	9.48413637227553e-05	0.00237553904889976	0.000215388073119569
Master_mconsumosdolares_lag1	9.38068946949404e-05	0.000479158575501941	0.000217261012885826
ccheques_emitidos	9.29472581023672e-05	0.00189575174195529	0.000224752771950854
mcheques_emitidos_lag1	9.2712025516152e-05	0.00127997933439618	0.000179802217560683
ctarjeta_master_transacciones_delta1	9.10669926902016e-05	0.000369892965245987	0.000177929277794426
minversion2_rank	8.98905611978968e-05	0.00217072700671764	0.000249100988912197
Master_cconsumos_lag2	8.78524830791044e-05	9.87366981098835e-05	0.000146089301768055
ccajas_transacciones_delta1	8.62676242967478e-05	0.000141170738560012	8.05364099490561e-05
mcheques_depositados_rank_lag1	8.53666379387277e-05	0.000788350193185781	0.000155454000599341
mttarjeta_master_debitos_automaticos_rank_lag1	8.50977603939823e-05	0.000144418531458149	0.000117995205274198
mttarjeta_master_debitos_automaticos_lag1	8.49706249175603e-05	0.00026454711504546	0.000174183398261912
cseguro_vivienda_lag2	8.34937029060403e-05	0.000426373099711346	0.000217261012885826
ccajas_transacciones_lag1	8.34358017463762e-05	0.000123919543287803	6.92987713515133e-05
ccajas_transacciones_lag2	8.29945857249714e-05	0.000213257116200513	0.000166691639196883
mforex_sell_rank_lag1	8.29163013496216e-05	0.000227582755227147	0.000129232843871741
mforex_sell_delta1	8.18027239063652e-05	0.000658017074127755	0.000140470482469284
Visa_msaldodolares_lag2	8.04584231556178e-05	0.00048757691737119	0.000162945759664369
Visa_mpagosdolares_lag1	7.94929815211911e-05	0.000328296254053445	0.000204150434522026
matm_other_lag1	7.86201759147019e-05	0.000152161968172713	0.000155454000599341
cseguro_accidentes_personales	7.85461222212171e-05	0.000151976983151544	0.000161072819898112
thomebanking_delta1	7.79525302997819e-05	0.00144245505174525	0.000232244531015883
Master_mpagado_lag2	7.77449073139496e-05	0.000220359597952513	0.000200404554989512
tcallcenter_lag1	7.58218583981359e-05	0.000266937266605256	0.000132978723404255
Visa_mpagosdolares_delta1	7.53803894430522e-05	0.000447999807350941	0.000206023374288283
ctarjeta_master_debitos_automaticos	7.28645903461824e-05	0.000594225461108047	0.000164818699430626
tcallcenter_lag2	7.26199596379706e-05	0.000554497678974477	0.000217261012885826
catm_trx_other_lag2	7.21688195112149e-05	0.000587087795930452	0.000155454000599341
ccajas_extracciones_lag1	7.15929596990481e-05	0.000803464339933041	0.000166691639196883
ccaja_ahorro_lag2	7.15019343078045e-05	8.00481692231912e-05	6.74258315852562e-05
cseguro_vivienda_lag1	7.12357742343707e-05	0.000105717379920494	9.92658076116272e-05
mforex_sell_lag1	7.10547138627482e-05	0.000107404660942993	7.67905304165418e-05
mprestamos_hipotecarios_rank	7.06829837869992e-05	0.00202024531915388	0.000200404554989512
mtarjeta_visa_descuentos_rank	6.9201542356742e-05	0.00070937453809807	0.000176056338028169
Master_madelantopesos	6.88781795170443e-05	4.41047090922942e-05	0.000104884626910399
cseguro_vida_lag2	6.70499759739865e-05	0.00021465088765609	0.000162945759664369
mcaja_ahorro_adicional	6.70419119496508e-05	0.000157867123855004	5.61881929877135e-05
Master_msaldodolares_delta1	6.64116323574545e-05	0.000298725818074404	0.000117995205274198
mcheques_depositados_delta1	6.48726222406676e-05	0.000814785169327578	0.000119868145040456
Master_mpagado_delta1	6.47742901200349e-05	0.00024649689329652	0.000104884626910399
Visa_Finiciomora	6.44494273189038e-05	0.00136169044641654	0.00022100689241834
active_quarter_lag1	6.37016213665688e-05	0.000138242788390633	7.49175906502847e-05
ctarjeta_visa_descuentos_delta1	6.35310020172872e-05	0.000184015881016008	7.86634701827989e-05
ccajas_depositos	6.33459880843921e-05	0.000228783416829252	0.000142343422235541
Visa_cancelada	6.31113422470508e-05	8.69320784776296e-05	8.05364099490561e-05
cseguro_vida_lag1	6.12490973977019e-05	6.97273833617227e-05	6.55528918189991e-05
ctarjeta_visa_delta1	6.10615718283046e-05	0.000359218205105775	4.68234941564279e-05
ctarjeta_master_lag1	6.08348012321146e-05	6.88378955824817e-05	8.99011087803416e-05
Master_mconsumosdolares_delta1	6.06290093238778e-05	8.37435896009848e-05	0.000103011687144141
mplazo_fijo_dolares_rank_lag2	6.05274233177862e-05	8.45990909165326e-05	8.99011087803416e-05
ccheques_depositados	6.01942100816855e-05	0.000503436009680169	0.000121741084806713
Master_Finiciomora	5.97708469699108e-05	0.000322402087205406	0.000106757566676656
internet_lag2	5.9348967088548e-05	0.000166950758912152	0.00013672460293677
mcajeros_propios_descuentos_rank_lag1	5.93382347346846e-05	0.000156570378856609	5.24423134551993e-05
ccajeros_propios_descuentos_lag1	5.83747766210206e-05	6.82739451689255e-05	4.49505543901708e-05
mcaja_ahorro_adicional_rank	5.80251762440027e-05	0.000500253686970897	0.000161072819898112
cmobile_app_trx_delta1	5.77568070345154e-05	0.000165429710507696	0.000121741084806713
cplazo_fijo_lag2	5.7429080708605e-05	0.000268029222303745	0.00011050344620917
mcaja_ahorro_adicional_delta1	5.73030620576961e-05	0.00252374520307371	0.00024722804914594
mprestamos_prendarios_rank	5.61047042186577e-05	0.00164144430953456	0.000144216362001798
mcheques_emitidos_rank_delta1	5.60212870581622e-05	0.000141348868253926	3.55858555588852e-05
mforex_sell_rank_delta1	5.57061449954729e-05	0.000447005567269516	0.000104884626910399
minversion1_pesos_rank	5.55195397366442e-05	0.000610277336826343	8.05364099490561e-05
mplazo_fijo_dolares_lag2	5.28785832935052e-05	0.000128574600666591	9.36469883128559e-05
cprestamos_prendarios	5.28096748514174e-05	0.00111791805603769	0.000117995205274198
cplazo_fijo_lag1	5.20283365319767e-05	0.000355097972067603	9.92658076116272e-05
ccajas_extracciones	5.0551721061999e-05	0.000409303334846175	0.000116122265507941
ccajas_otras_delta1	4.91269879381623e-05	0.0016669410489033	0.000161072819898112
minversion1_pesos_rank_delta1	4.86233865599898e-05	0.000322163529071244	6.55528918189991e-05
cprestamos_hipotecarios	4.79746312376842e-05	0.00151304529955179	0.000147962241534312
Visa_Finiciomora_lag2	4.66982012328929e-05	0.00174786615594156	0.000183548097093197
mtarjeta_visa_descuentos_rank_delta1	4.58873855823088e-05	0.000213575399251642	5.99340725202278e-05
cseguro_accidentes_personales_lag2	4.55726860268075e-05	5.3375505464978e-05	8.61552292478274e-05
mcajeros_propios_descuentos_delta1	4.51906857282908e-05	2.0021654272584e-05	9.36469883128559e-06
ccallcenter_transacciones_lag2	4.36509647369405e-05	0.000207140205624044	0.000125486964339227
Visa_madelantopesos_delta1	4.3231073923524e-05	1.74170289029508e-05	7.67905304165418e-05
Master_mpagosdolares_lag2	4.29292630105774e-05	5.78250118408314e-05	9.73928678453701e-05
ctarjeta_master_debitos_automaticos_delta1	4.16287686372965e-05	0.000147381737596268	7.67905304165418e-05
Visa_Finiciomora_lag1	4.05581736059739e-05	0.00115254275432551	0.000140470482469284
Master_madelantopesos_lag1	4.01355331192484e-05	3.99684440189538e-05	0.00011050344620917
minversion2_rank_lag1	3.99897969296e-05	0.000899172216629649	0.000129232843871741
Master_mpagosdolares_lag1	3.96065140238124e-05	3.58901771904858e-05	4.86964339226851e-05
ctarjeta_master_debitos_automaticos_lag2	3.90723894616189e-05	3.21222862102813e-05	8.61552292478274e-05
minversion2_lag1	3.70624183704977e-05	0.000975253472752802	0.000129232843871741
ctarjeta_visa_lag2	3.67927956764535e-05	8.3865244456083e-05	8.42822894815703e-05
mttarjeta_master_debitos_automaticos_delta1	3.61654482032426e-05	0.000240185422003668	8.42822894815703e-05
ccajeros_propios_descuentos_delta1	3.57636252677333e-05	5.3044926350677e-05	5.05693736889422e-05
mprestamos_prendarios_rank_delta1	3.55447123167894e-05	0.000798195422456554	8.61552292478274e-05
active_quarter_lag2	3.53922636919887e-05	7.06462511149141e-05	8.42822894815703e-05
mprestamos_prendarios_rank_lag1	3.52556703793314e-05	0.00117467483378862	0.000112376385975427
Master_reduccion_fuerte	3.51671518528191e-05	2.85469610099565e-05	4.49505543901708e-05
internet_delta1	3.4746921259494e-05	7.58244533878825e-05	6.74258315852562e-05
mtarjeta_visa_descuentos_rank_lag2	3.34371663999822e-05	5.21639623910389e-06	2.99670362601139e-05
mcaja_ahorro_adicional_rank_lag2	3.33951830924833e-05	0.00018627712340615	5.99340725202278e-05
mcheques_depositados	3.33433526095267e-05	0.000187024354076955	6.55528918189991e-05
mforex_sell_rank	3.28205830278228e-05	0.000116460112988092	6.55528918189991e-05
mtarjeta_master_descuentos	3.24579545830705e-05	0.000268897309855047	7.30446508840276e-05
cseguro_auto_lag1	3.07168651598029e-05	0.000789915093921726	0.000112376385975427
Master_Finiciomora_lag1	3.01515821566815e-05	0.00097119265255084	8.24093497153132e-05
mcheques_depositados_rank_delta1	3.00638581300168e-05	0.00063122689047374	8.61552292478274e-05
mcheques_emitidos_rank_lag2	2.99295543428402e-05	4.16964217461096e-05	2.43482169613425e-05
mcaja_ahorro_adicional_lag1	2.98409554418125e-05	0.000266735524117463	6.92987713515133e-05
mprestamos_prendarios_lag1	2.97651877729713e-05	0.000915823044829232	9.73928678453701e-05
ctarjeta_visa_descuentos_lag1	2.81156491576541e-05	4.12535821140599e-05	4.68234941564279e-05
ccheques_depositados_delta1	2.77958808631193e-05	0.000449752340932867	5.80611327539706e-05
minversion1_pesos_rank_lag1	2.67416632800543e-05	0.000521211873252615	8.05364099490561e-05
ccajas_depositos_delta1	2.66638898868043e-05	0.00117994353363567	0.000121741084806713
ctarjeta_debito_delta1	2.66207152768874e-05	0.00131194340400601	0.000119868145040456
mcheques_emitidos_delta1	2.59031397455195e-05	3.81445642533723e-05	3.37129157926281e-05
Visa_madelantopesos_lag1	2.54545477145776e-05	2.08785339078974e-05	7.86634701827989e-05
mprestamos_hipotecarios	2.52286714377168e-05	0.000922128096053702	9.17740485465987e-05
Master_madelantodolares_lag2	2.51167508048626e-05	3.4355055415792e-05	4.86964339226851e-05
mcajeros_propios_descuentos	2.51038930147889e-05	0.000269513999135423	7.49175906502847e-05
ccheques_depositados_lag1	2.50351150060751e-05	0.000221241468701471	4.12046748576566e-05
minversion1_pesos_lag1	2.36908934369004e-05	0.000293674421219869	4.49505543901708e-05
cplazo_fijo_delta1	2.35448826020157e-05	0.00026182399044756	4.49505543901708e-05
ccajas_depositos_lag2	2.33655004920271e-05	0.000835946585231573	0.000108630506442913
tmobile_app_lag2	2.29517845141288e-05	0.000314701487218293	6.55528918189991e-05
Master_mconsumosdolares_lag2	2.2842051768036e-05	2.19592454188253e-05	5.05693736889422e-05
Visa_delinquency_lag2	2.27886847301281e-05	0.000255897396813458	7.11717111177705e-05
cforex_sell_lag2	2.22177927936885e-05	4.22521747842179e-05	4.68234941564279e-05
cforex_sell	2.19709273011549e-05	5.73537352957236e-05	4.86964339226851e-05
minversion2_delta1	2.09274914299582e-05	0.000835429896677347	8.99011087803416e-05
ctarjeta_master_lag2	2.0910100845277e-05	2.47166829245734e-05	2.99670362601139e-05
mforex_buy_lag1	2.0508181684026e-05	1.45050019540218e-07	1.87293976625712e-06
Visa_delinquency_lag1	2.04409996686341e-05	0.000216185066369892	5.05693736889422e-05
minversion2_lag2	2.04312510600682e-05	0.000275494818770828	4.30776146239137e-05
mcaja_ahorro_adicional_rank_delta1	2.03179433330731e-05	0.000136232110025244	3.74587953251423e-05
ccheques_depositados_lag2	2.03162943134475e-05	0.000169389623194189	3.37129157926281e-05
cdescubierto_preacordado_lag2	2.02851023508293e-05	5.61008426288173e-05	4.86964339226851e-05
mcaja_ahorro_adicional_rank_lag1	2.02389481129834e-05	0.000107532808409618	3.1839976026371e-05
Visa_cadelantosefectivo_lag2	1.99940749540767e-05	3.69421978873461e-05	6.18070122864849e-05
mcheques_depositados_rank	1.91997845722644e-05	0.000202583661836922	5.43152532214564e-05
mforex_buy_rank_delta1	1.84183825049474e-05	6.01524498512933e-05	1.31105783637998e-05
Master_cadelantosefectivo_delta1	1.83921663213017e-05	4.50467543804909e-06	2.06023374288283e-05
Master_madelantopesos_delta1	1.83192595676777e-05	1.62318189908487e-05	4.12046748576566e-05
ccajas_extracciones_lag2	1.77234639977255e-05	0.000159400613408923	3.74587953251423e-05
mcheques_depositados_rank_lag2	1.75023396739606e-05	0.000162908364669162	2.80940964938568e-05
cseguro_auto	1.74722625163087e-05	0.00024542738970158	5.05693736889422e-05
mcajeros_propios_descuentos_rank_delta1	1.71237878149477e-05	4.84407579884972e-05	2.62211567275996e-05
cforex_lag1	1.71121487947979e-05	4.89854119253354e-05	4.30776146239137e-05
cforex_delta1	1.68965025832707e-05	0.000109690568002624	3.37129157926281e-05
mtarjeta_master_descuentos_lag2	1.68618683844507e-05	3.80227643119829e-06	2.62211567275996e-05
ctarjeta_visa_lag1	1.67135052305633e-05	3.6826419027038e-05	2.24752771950854e-05
Visa_madelantodolares_lag2	1.6129210642377e-05	2.11866609186486e-05	4.68234941564279e-05
ccajas_otras_lag2	1.55944510171297e-05	0.000124514904883385	4.12046748576566e-05
minversion1_pesos_delta1	1.44111128189516e-05	2.95113495869846e-05	1.12376385975427e-05
Master_cadelantosefectivo_lag2	1.43268622537642e-05	2.41634326249867e-05	3.37129157926281e-05
minversion2_rank_delta1	1.418377338294e-05	0.000154993363415356	3.93317350913995e-05
Master_delinquency_lag2	1.34329481820661e-05	1.16946442235903e-05	3.93317350913995e-05
ccheques_emitidos_lag1	1.32157240652109e-05	6.27648373375011e-05	9.36469883128559e-06
ccajas_otras_lag1	1.31767937814414e-05	0.000343317219130237	4.68234941564279e-05
Master_mpagosdolares_delta1	1.3168728146633e-05	2.2740172380741e-05	2.99670362601139e-05
ctarjeta_master_descuentos_delta1	1.29358218136222e-05	1.73597923611067e-05	2.62211567275996e-05
mtarjeta_master_descuentos_delta1	1.27153228900752e-05	4.78715844684609e-06	1.31105783637998e-05
mforex_sell_rank_lag2	1.23424790680964e-05	0.000102739084808099	4.12046748576566e-05
Master_delinquency_lag1	1.23095472059854e-05	0.000107739665189173	2.43482169613425e-05
minversion2_rank_lag2	1.20539633227579e-05	0.000261700123026523	3.1839976026371e-05
mtarjeta_visa_descuentos_delta1	1.20456519119268e-05	4.40314767868549e-05	3.37129157926281e-05
cinversion2_lag2	1.17005612758985e-05	7.56036320528085e-05	3.74587953251423e-05
ccajeros_propios_descuentos	1.16189685721665e-05	7.79845343615455e-05	2.43482169613425e-05
tcuentas_lag2	1.16018187978839e-05	0.000170911832288974	3.74587953251423e-05
mforex_sell	1.15498101787565e-05	5.79790209388478e-05	3.55858555588852e-05
mtarjeta_visa_descuentos_lag2	1.12072757356407e-05	6.51412056996409e-06	2.43482169613425e-05
Master_msaldodolares_lag2	1.11682265154827e-05	6.33584578975899e-06	2.99670362601139e-05
Visa_madelantodolares_lag1	1.0792651510807e-05	6.81629904277968e-06	2.62211567275996e-05
mtarjeta_visa_descuentos_lag1	1.07340248033841e-05	4.86381841591292e-05	3.1839976026371e-05
ccajas_depositos_lag1	1.07032318801037e-05	0.000143963395762927	2.99670362601139e-05
cprestamos_prendarios_lag1	1.05561185424743e-05	0.000165604539488487	1.87293976625712e-05
mtarjeta_visa_descuentos_rank_lag1	1.03524901700558e-05	2.20857243931031e-05	1.12376385975427e-05
cprestamos_prendarios_lag2	1.03225067926131e-05	0.000224473447193877	2.80940964938568e-05
mprestamos_prendarios_lag2	1.00998562924985e-05	0.000355161737492547	3.37129157926281e-05
mprestamos_prendarios_delta1	1.00113948482951e-05	0.000106513613486122	1.68564578963141e-05
Master_madelantopesos_lag2	9.19809261300576e-06	1.30284224977921e-05	2.24752771950854e-05
cinversion2_lag1	9.08545129363442e-06	8.56121559442291e-06	9.36469883128559e-06
cforex_sell_lag1	8.55700382652346e-06	2.35331052332463e-05	1.49835181300569e-05
mprestamos_hipotecarios_delta1	8.49049103708247e-06	1.74339314558654e-06	1.68564578963141e-05
mcaja_ahorro_adicional_lag2	8.45339877979989e-06	3.66822395252444e-05	2.06023374288283e-05
cforex	8.43833741576812e-06	4.32339737161795e-05	2.80940964938568e-05
cinversion1_lag1	8.39466609432864e-06	0.000187364508886469	3.93317350913995e-05
ctarjeta_visa_descuentos	8.35582377517259e-06	5.59749802712768e-05	2.06023374288283e-05
ccheques_emitidos_lag2	8.34945149272341e-06	3.66361020846705e-06	1.68564578963141e-05
Visa_delinquency_delta1	8.31670475295397e-06	1.83933145558501e-05	2.06023374288283e-05
cseguro_auto_lag2	8.23330405506796e-06	0.000272839449470878	2.80940964938568e-05
ctarjeta_master_descuentos_lag1	8.19046185863841e-06	2.28398466627357e-06	9.36469883128559e-06
Visa_cadelantosefectivo_lag1	8.17475360650809e-06	6.66791203854386e-06	2.43482169613425e-05
mprestamos_prendarios_rank_lag2	8.10827799214443e-06	0.000363553129583222	3.37129157926281e-05
ctarjeta_master_descuentos	8.03463827960505e-06	2.02188628137794e-06	5.61881929877135e-06
mcheques_depositados_lag2	7.89024990645876e-06	0.00010158067958828	2.06023374288283e-05
mcuenta_corriente_adicional_lag1	7.70139718829195e-06	2.60175991538381e-07	1.87293976625712e-06
ccajas_consultas_lag2	7.66866322792135e-06	1.80004208795161e-05	1.49835181300569e-05
Master_delinquency_delta1	7.36242591594558e-06	3.13295709872126e-06	1.49835181300569e-05
Master_cadelantosefectivo_lag1	7.2869420929115e-06	7.04858219485159e-06	1.68564578963141e-05
mforex_sell_lag2	7.22586426100558e-06	7.57285513494568e-05	2.62211567275996e-05
Visa_madelantopesos_lag2	7.04242441602187e-06	6.12264148496844e-06	2.06023374288283e-05
mcajeros_propios_descuentos_lag1	6.79718299569933e-06	2.39327816936899e-05	1.49835181300569e-05
mcheques_emitidos_rank_lag1	6.58483773122118e-06	9.71378834533911e-05	1.68564578963141e-05
mcajeros_propios_descuentos_lag2	5.98110588618617e-06	3.64656256926127e-06	1.12376385975427e-05
Master_status_lag2	5.8634462146991e-06	2.29570038428094e-06	1.31105783637998e-05
mtarjeta_master_descuentos_rank_lag1	5.83251326976765e-06	8.47942319780796e-06	9.36469883128559e-06
Visa_madelantodolares_delta1	5.74669544626596e-06	6.98692052112856e-06	1.87293976625712e-05
cforex_sell_delta1	5.49755350588624e-06	0.00012654614923054	2.43482169613425e-05
cpagodeservicios_delta1	5.04314623709559e-06	2.15344327584465e-07	1.87293976625712e-06
mcheques_emitidos_lag2	4.92670763194718e-06	1.57906115795741e-05	9.36469883128559e-06
Master_madelantodolares_delta1	4.47049809512752e-06	8.69353429191796e-06	1.49835181300569e-05
mtarjeta_master_descuentos_rank	4.17474156030856e-06	4.44780161193279e-06	3.74587953251423e-06
mprestamos_hipotecarios_lag1	4.15956840263268e-06	4.07864767998216e-05	1.12376385975427e-05
mpagodeservicios_rank_delta1	4.1487779226355e-06	5.45245163474474e-06	9.36469883128559e-06
mpagodeservicios_rank_lag1	4.13513320790038e-06	3.76205125698722e-06	3.74587953251423e-06
minversion1_dolares_rank_lag1	4.06328695052571e-06	3.11500267019603e-07	1.87293976625712e-06
mcajeros_propios_descuentos_rank	3.96370270230848e-06	5.88981425930486e-05	1.68564578963141e-05
mcheques_depositados_rechazados_rank_lag2	3.9588899091342e-06	3.65399824168081e-07	3.74587953251423e-06
Master_madelantodolares_lag1	3.6459789326443e-06	1.41212124424552e-05	1.12376385975427e-05
mforex_buy_delta1	3.60200078633874e-06	2.54408811466639e-05	5.61881929877135e-06
cliente_vip_lag2	3.52074256883204e-06	5.32176515802471e-07	3.74587953251423e-06
Master_Finiciomora_lag2	3.4294098755452e-06	0.000313836446479105	2.62211567275996e-05
cforex_lag2	3.30944074152241e-06	1.92501941911635e-05	9.36469883128559e-06
mplazo_fijo_pesos_rank_lag2	3.16323943842159e-06	6.17378440258578e-07	5.61881929877135e-06
mprestamos_hipotecarios_rank_delta1	3.08814664709743e-06	5.96006866861905e-05	1.12376385975427e-05
mcajeros_propios_descuentos_rank_lag2	2.78047914592521e-06	2.80495326608756e-06	5.61881929877135e-06
minversion1_dolares_lag1	2.71256837674104e-06	3.53705869104374e-06	7.49175906502847e-06
ctarjeta_visa_descuentos_lag2	2.58944356626822e-06	1.46591561383294e-06	9.36469883128559e-06
mpagodeservicios_lag1	2.37753029617044e-06	9.07043220465675e-07	1.87293976625712e-06
minversion1_dolares_rank_lag2	2.17042971486446e-06	7.8408258874741e-07	1.87293976625712e-06
cinversion1_delta1	2.15275006525183e-06	2.82664366660895e-07	1.87293976625712e-06
ccheques_emitidos_delta1	2.13169062998853e-06	1.21012848260072e-06	5.61881929877135e-06
minversion1_dolares_delta1	1.84615991064478e-06	2.81510930646547e-06	3.74587953251423e-06
minversion1_pesos_lag2	1.82145117414811e-06	1.11160763662044e-05	5.61881929877135e-06
mcuenta_corriente_adicional_lag2	1.79530702933061e-06	6.61774845339154e-07	5.61881929877135e-06
cinversion1	1.74523734473187e-06	1.79715849791574e-05	7.49175906502847e-06
mprestamos_hipotecarios_rank_lag1	1.54191296394048e-06	4.1726781052525e-05	5.61881929877135e-06
mpagodeservicios_lag2	1.51317011271442e-06	3.99386287861301e-07	3.74587953251423e-06
ctarjeta_master_descuentos_lag2	1.34267068399916e-06	1.83196832631103e-06	5.61881929877135e-06
cseguro_vivienda_delta1	1.22918329983135e-06	5.34347006717521e-05	7.49175906502847e-06
cliente_vip_lag1	1.1741279050119e-06	1.53682653861441e-06	3.74587953251423e-06
cprestamos_hipotecarios_lag2	1.16529856318969e-06	4.78567131236218e-07	3.74587953251423e-06
mpagodeservicios_delta1	1.16432039489942e-06	3.42730091181676e-07	3.74587953251423e-06
tcuentas_delta1	1.12036880648103e-06	3.65087888642188e-05	5.61881929877135e-06
Visa_Finiciomora_delta1	1.10842440790821e-06	8.15585537852503e-05	7.49175906502847e-06
cpagodeservicios_lag2	1.02370506096952e-06	2.0881544448438e-07	1.87293976625712e-06
Visa_status_lag2	9.57046941282369e-07	1.35800768481765e-07	1.87293976625712e-06
ccuenta_corriente_lag2	9.39143406145855e-07	6.68158642148126e-07	5.61881929877135e-06
mforex_buy_rank	9.20873697243224e-07	2.68958790170906e-05	5.61881929877135e-06
mpayroll2_rank_lag1	8.43513688467204e-07	4.81214956049031e-07	3.74587953251423e-06
cpagodeservicios_lag1	7.90647298792916e-07	5.96558557483863e-07	5.61881929877135e-06
cinversion1_lag2	7.75995099200321e-07	1.57781341585383e-07	1.87293976625712e-06
cseguro_accidentes_personales_delta1	6.75953521481833e-07	3.12443327911838e-07	3.74587953251423e-06
mcheques_depositados_rechazados_delta1	6.3337032782731e-07	2.47009410619876e-07	1.87293976625712e-06
mcheques_emitidos_rechazados_delta1	6.07559819263398e-07	2.27821748620182e-07	1.87293976625712e-06
mtarjeta_master_descuentos_lag1	6.02545403858631e-07	2.79690097693079e-07	1.87293976625712e-06
cforex_buy_delta1	5.00224828378981e-07	1.55974291829571e-05	1.87293976625712e-06
cseguro_auto_delta1	4.16295970018054e-07	1.915719387856e-06	1.87293976625712e-06
cforex_buy	4.09846176116022e-07	1.31183759982821e-05	1.87293976625712e-06
Visa_reduccion_fuerte	3.89756931338595e-07	2.36019124068067e-06	1.87293976625712e-06
ccheques_depositados_rechazados_lag2	3.01751757899761e-07	1.38666222731246e-07	1.87293976625712e-06
minversion1_pesos_rank_lag2	2.67005154052499e-07	1.02294177696401e-05	1.87293976625712e-06
active_quarter_delta1	1.64117423782962e-07	1.42571945688008e-05	1.87293976625712e-06
